Time(s), Setpoint, Measurement, Output, Kp, Zone, Mu
0.00, 80.00, 2.00, 400.00, 3.00, 1, 0.500
0.01, 80.00, 4.00, 400.00, 3.00, 1, 0.502
0.02, 80.00, 5.66, 333.14, 3.00, 1, 0.504
0.03, 80.00, 7.06, 281.98, 3.00, 1, 0.506
0.04, 79.99, 8.31, 250.54, 3.00, 1, 0.508
0.05, 79.99, 9.46, 230.81, 3.00, 1, 0.509
0.06, 79.99, 10.54, 218.07, 3.00, 1, 0.511
0.07, 79.98, 11.57, 209.48, 3.00, 1, 0.513
0.08, 79.97, 12.58, 203.37, 3.00, 1, 0.515
0.09, 79.97, 13.56, 198.75, 3.00, 1, 0.517
0.10, 79.96, 14.52, 195.03, 3.00, 1, 0.519
0.11, 79.95, 15.47, 191.85, 3.00, 1, 0.521
0.12, 79.94, 16.40, 189.00, 3.00, 1, 0.523
0.13, 79.93, 17.31, 186.37, 3.00, 1, 0.524
0.14, 79.92, 18.21, 183.88, 3.00, 1, 0.526
0.15, 79.91, 19.10, 181.48, 3.00, 1, 0.528
0.16, 79.90, 19.98, 179.14, 3.00, 1, 0.530
0.17, 79.89, 20.84, 176.86, 3.00, 1, 0.532
0.18, 79.87, 21.70, 174.62, 3.00, 1, 0.534
0.19, 79.86, 22.54, 172.41, 3.00, 1, 0.536
0.20, 79.84, 23.36, 170.23, 3.00, 1, 0.538
0.21, 79.83, 24.18, 168.09, 3.00, 1, 0.539
0.22, 79.81, 24.99, 165.97, 3.00, 1, 0.541
0.23, 79.79, 25.78, 163.88, 3.00, 1, 0.543
0.24, 79.77, 26.56, 161.82, 3.00, 1, 0.545
0.25, 79.75, 27.34, 159.78, 3.00, 1, 0.547
0.26, 79.73, 28.10, 157.77, 3.00, 1, 0.549
0.27, 79.71, 28.85, 155.79, 3.00, 1, 0.551
0.28, 79.69, 29.59, 153.82, 3.00, 1, 0.553
0.29, 79.67, 30.32, 151.89, 3.00, 1, 0.554
0.30, 79.65, 31.04, 149.97, 3.00, 1, 0.556
0.31, 79.62, 31.75, 148.08, 3.00, 1, 0.558
0.32, 79.60, 32.45, 146.22, 3.00, 1, 0.560
0.33, 79.57, 33.14, 144.37, 3.00, 1, 0.562
0.34, 79.55, 33.82, 142.55, 3.00, 1, 0.564
0.35, 79.52, 34.49, 140.75, 3.00, 1, 0.565
0.36, 79.49, 35.15, 138.97, 3.00, 1, 0.567
0.37, 79.46, 35.80, 137.22, 3.00, 1, 0.569
0.38, 79.43, 36.44, 135.48, 3.00, 1, 0.571
0.39, 79.40, 37.07, 133.77, 3.00, 1, 0.573
0.40, 79.37, 37.70, 132.08, 3.00, 1, 0.575
0.41, 79.34, 38.31, 130.41, 3.00, 1, 0.576
0.42, 79.31, 38.92, 128.76, 3.00, 1, 0.578
0.43, 79.27, 39.51, 127.13, 3.00, 1, 0.580
0.44, 79.24, 40.10, 125.51, 3.00, 1, 0.582
0.45, 79.21, 40.68, 123.92, 3.00, 1, 0.584
0.46, 79.17, 41.25, 122.35, 3.00, 1, 0.586
0.47, 79.13, 41.81, 120.80, 3.00, 1, 0.587
0.48, 79.10, 42.37, 119.26, 3.00, 1, 0.589
0.49, 79.06, 42.91, 117.74, 3.00, 1, 0.591
0.50, 79.02, 43.45, 116.25, 3.00, 1, 0.593
0.51, 78.98, 43.98, 114.76, 3.00, 1, 0.594
0.52, 78.94, 44.51, 113.30, 3.00, 1, 0.596
0.53, 78.90, 45.02, 111.86, 3.00, 1, 0.598
0.54, 78.86, 45.53, 110.43, 3.00, 1, 0.600
0.55, 78.82, 46.03, 109.02, 3.00, 1, 0.602
0.56, 78.77, 46.52, 107.62, 3.00, 1, 0.603
0.57, 78.73, 47.00, 106.25, 3.00, 1, 0.605
0.58, 78.69, 47.48, 104.89, 3.00, 1, 0.607
0.59, 78.64, 47.95, 103.54, 3.00, 1, 0.609
0.60, 78.60, 48.41, 102.21, 3.00, 1, 0.610
0.61, 78.55, 48.87, 100.90, 3.00, 1, 0.612
0.62, 78.50, 49.32, 99.60, 3.00, 1, 0.614
0.63, 78.45, 49.76, 98.32, 3.00, 1, 0.616
0.64, 78.40, 50.20, 97.05, 3.00, 1, 0.617
0.65, 78.36, 50.63, 95.80, 3.00, 1, 0.619
0.66, 78.30, 51.05, 94.56, 3.00, 1, 0.621
0.67, 78.25, 51.46, 93.34, 3.00, 1, 0.623
0.68, 78.20, 51.87, 92.13, 3.00, 1, 0.624
0.69, 78.15, 52.28, 90.93, 3.00, 1, 0.626
0.70, 78.10, 52.67, 89.75, 3.00, 1, 0.628
0.71, 78.04, 53.06, 88.59, 3.00, 1, 0.629
0.72, 77.99, 53.45, 87.43, 3.00, 1, 0.631
0.73, 77.93, 53.82, 86.29, 3.00, 1, 0.633
0.74, 77.88, 54.20, 85.16, 3.00, 1, 0.635
0.75, 77.82, 54.56, 84.05, 3.00, 1, 0.636
0.76, 77.76, 54.92, 82.95, 3.00, 1, 0.638
0.77, 77.70, 55.28, 81.86, 3.00, 1, 0.640
0.78, 77.65, 55.63, 80.79, 3.00, 1, 0.641
0.79, 77.59, 55.97, 79.72, 3.00, 1, 0.643
0.80, 77.53, 56.31, 78.67, 3.00, 1, 0.645
0.81, 77.47, 56.64, 77.63, 3.00, 1, 0.646
0.82, 77.40, 56.96, 76.61, 3.00, 1, 0.648
0.83, 77.34, 57.29, 75.59, 3.00, 1, 0.649
0.84, 77.28, 57.60, 74.59, 3.00, 1, 0.651
0.85, 77.21, 57.91, 73.60, 3.00, 1, 0.653
0.86, 77.15, 58.22, 72.61, 3.00, 1, 0.654
0.87, 77.09, 58.52, 71.64, 3.00, 1, 0.656
0.88, 77.02, 58.81, 70.69, 3.00, 1, 0.658
0.89, 76.95, 59.10, 69.74, 3.00, 1, 0.659
0.90, 76.89, 59.39, 68.80, 3.00, 1, 0.661
0.91, 76.82, 59.67, 67.87, 3.00, 1, 0.662
0.92, 76.75, 59.94, 66.96, 3.00, 1, 0.664
0.93, 76.68, 60.21, 66.05, 3.00, 1, 0.665
0.94, 76.61, 60.48, 65.16, 3.00, 1, 0.667
0.95, 76.54, 60.74, 64.27, 3.00, 1, 0.669
0.96, 76.47, 60.99, 63.40, 3.00, 1, 0.670
0.97, 76.40, 61.25, 62.53, 3.00, 1, 0.672
0.98, 76.33, 61.49, 61.67, 3.00, 1, 0.673
0.99, 76.25, 61.74, 60.83, 3.00, 1, 0.675
1.00, 76.18, 61.97, 59.99, 3.00, 1, 0.676
1.01, 76.11, 62.21, 59.16, 3.00, 1, 0.678
1.02, 76.03, 62.44, 58.34, 3.00, 1, 0.679
1.03, 75.96, 62.66, 57.53, 3.00, 1, 0.681
1.04, 75.88, 62.88, 56.73, 3.00, 1, 0.682
1.05, 75.80, 63.10, 55.94, 3.00, 1, 0.684
1.06, 75.73, 63.31, 55.16, 3.00, 1, 0.685
1.07, 75.65, 63.52, 54.38, 3.00, 1, 0.687
1.08, 75.57, 63.73, 53.62, 3.00, 1, 0.688
1.09, 75.49, 63.93, 52.86, 3.00, 1, 0.690
1.10, 75.41, 64.12, 52.11, 3.00, 1, 0.691
1.11, 75.33, 64.32, 51.37, 3.00, 1, 0.693
1.12, 75.25, 64.51, 50.64, 3.00, 1, 0.694
1.13, 75.17, 64.69, 49.91, 3.00, 1, 0.696
1.14, 75.09, 64.87, 49.20, 3.00, 1, 0.697
1.15, 75.00, 65.05, 48.49, 3.00, 1, 0.698
1.16, 74.92, 65.22, 47.78, 3.00, 1, 0.700
1.17, 74.83, 65.39, 47.09, 3.00, 1, 0.701
1.18, 74.75, 65.56, 46.40, 3.00, 1, 0.703
1.19, 74.67, 65.72, 45.73, 3.00, 1, 0.704
1.20, 74.58, 65.88, 45.05, 3.00, 1, 0.705
1.21, 74.49, 66.04, 44.39, 3.00, 1, 0.707
1.22, 74.41, 66.19, 43.73, 3.00, 1, 0.708
1.23, 74.32, 66.34, 43.08, 3.00, 1, 0.709
1.24, 74.23, 66.49, 42.44, 3.00, 1, 0.711
1.25, 74.14, 66.63, 41.80, 3.00, 1, 0.712
1.26, 74.05, 66.77, 41.17, 3.00, 1, 0.713
1.27, 73.96, 66.90, 40.55, 3.00, 1, 0.715
1.28, 73.87, 67.04, 39.93, 3.00, 1, 0.716
1.29, 73.78, 67.17, 39.32, 3.00, 1, 0.717
1.30, 73.69, 67.29, 38.72, 3.00, 1, 0.719
1.31, 73.60, 67.42, 38.12, 3.00, 1, 0.720
1.32, 73.51, 67.54, 37.53, 3.00, 1, 0.721
1.33, 73.41, 67.65, 36.95, 3.00, 1, 0.723
1.34, 73.32, 67.77, 36.37, 3.00, 1, 0.724
1.35, 73.23, 67.88, 35.80, 3.00, 1, 0.725
1.36, 73.13, 67.99, 35.23, 3.00, 1, 0.726
1.37, 73.04, 68.09, 34.67, 3.00, 1, 0.728
1.38, 72.94, 68.20, 34.12, 3.00, 1, 0.729
1.39, 72.85, 68.30, 33.57, 3.00, 1, 0.730
1.40, 72.75, 68.39, 33.03, 3.00, 1, 0.731
1.41, 72.65, 68.49, 32.49, 3.00, 1, 0.732
1.42, 72.55, 68.58, 31.96, 3.00, 1, 0.734
1.43, 72.46, 68.67, 31.43, 3.00, 1, 0.735
1.44, 72.36, 68.75, 30.91, 3.00, 1, 0.736
1.45, 72.26, 68.83, 30.40, 3.00, 1, 0.737
1.46, 72.16, 68.92, 29.89, 3.00, 1, 0.738
1.47, 72.06, 68.99, 29.38, 3.00, 1, 0.739
1.48, 71.96, 69.07, 28.89, 3.00, 1, 0.740
1.49, 71.86, 69.14, 28.39, 3.00, 1, 0.742
1.50, 71.76, 69.21, 27.90, 3.00, 1, 0.743
1.51, 71.65, 69.28, 27.42, 3.00, 1, 0.744
1.52, 71.55, 69.35, 26.94, 3.00, 1, 0.745
1.53, 71.45, 69.41, 26.47, 3.00, 1, 0.746
1.54, 71.35, 69.47, 26.00, 3.00, 1, 0.747
1.55, 71.24, 69.53, 25.53, 3.00, 1, 0.748
1.56, 71.14, 69.58, 25.07, 3.00, 1, 0.749
1.57, 71.03, 69.64, 24.62, 3.00, 1, 0.750
1.58, 70.93, 69.69, 24.17, 3.00, 1, 0.751
1.59, 70.82, 69.74, 23.73, 3.00, 1, 0.752
1.60, 70.72, 69.78, 23.28, 3.00, 1, 0.753
1.61, 70.61, 69.83, 22.85, 3.00, 1, 0.754
1.62, 70.50, 69.87, 22.42, 3.00, 1, 0.755
1.63, 70.40, 69.91, 21.99, 3.00, 1, 0.756
1.64, 70.29, 69.95, 21.57, 3.00, 1, 0.757
1.65, 70.18, 69.98, 21.15, 3.00, 1, 0.758
1.66, 70.07, 70.02, 20.73, 3.00, 1, 0.759
1.67, 69.96, 70.05, 20.32, 3.00, 1, 0.760
1.68, 69.85, 70.08, 19.92, 3.00, 1, 0.761
1.69, 69.75, 70.11, 19.51, 3.00, 1, 0.762
1.70, 69.64, 70.13, 19.12, 3.00, 1, 0.763
1.71, 69.52, 70.16, 18.72, 3.00, 1, 0.764
1.72, 69.41, 70.18, 18.33, 3.00, 1, 0.765
1.73, 69.30, 70.20, 17.95, 3.00, 1, 0.766
1.74, 69.19, 70.21, 17.57, 3.00, 1, 0.766
1.75, 69.08, 70.23, 17.19, 3.00, 1, 0.767
1.76, 68.97, 70.24, 16.81, 3.00, 1, 0.768
1.77, 68.86, 70.26, 16.44, 3.00, 1, 0.769
1.78, 68.74, 70.27, 16.08, 3.00, 1, 0.770
1.79, 68.63, 70.27, 15.71, 3.00, 1, 0.771
1.80, 68.52, 70.28, 15.35, 3.00, 1, 0.771
1.81, 68.40, 70.29, 15.00, 3.00, 1, 0.772
1.82, 68.29, 70.29, 14.65, 3.00, 1, 0.773
1.83, 68.17, 70.29, 14.30, 3.00, 1, 0.774
1.84, 68.06, 70.29, 13.95, 3.00, 1, 0.775
1.85, 67.94, 70.29, 13.61, 3.00, 1, 0.775
1.86, 67.83, 70.28, 13.27, 3.00, 1, 0.776
1.87, 67.71, 70.28, 12.94, 3.00, 1, 0.777
1.88, 67.60, 70.27, 12.61, 3.00, 1, 0.778
1.89, 67.48, 70.26, 12.28, 3.00, 1, 0.778
1.90, 67.36, 70.25, 11.96, 3.00, 1, 0.779
1.91, 67.25, 70.24, 11.64, 3.00, 1, 0.780
1.92, 67.13, 70.22, 11.32, 3.00, 1, 0.780
1.93, 67.01, 70.21, 11.00, 3.00, 1, 0.781
1.94, 66.89, 70.19, 10.69, 3.00, 1, 0.782
1.95, 66.77, 70.17, 10.38, 3.00, 1, 0.782
1.96, 66.66, 70.15, 10.08, 3.00, 1, 0.783
1.97, 66.54, 70.13, 9.78, 3.00, 1, 0.784
1.98, 66.42, 70.11, 9.48, 3.00, 1, 0.784
1.99, 66.30, 70.09, 9.18, 3.00, 1, 0.785
2.00, 66.18, 70.06, 8.89, 3.00, 1, 0.785
2.01, 66.06, 70.03, 8.60, 3.00, 1, 0.786
2.02, 65.94, 70.01, 8.31, 3.00, 1, 0.786
2.03, 65.82, 69.98, 8.03, 3.00, 1, 0.787
2.04, 65.70, 69.94, 7.75, 3.00, 1, 0.788
2.05, 65.58, 69.91, 7.47, 3.00, 1, 0.788
2.06, 65.46, 69.88, 7.19, 3.00, 1, 0.789
2.07, 65.34, 69.84, 6.92, 3.00, 1, 0.789
2.08, 65.22, 69.81, 6.65, 3.00, 1, 0.790
2.09, 65.10, 69.77, 6.39, 3.00, 1, 0.790
2.10, 64.97, 69.73, 6.12, 3.00, 1, 0.791
2.11, 64.85, 69.69, 5.86, 3.00, 1, 0.791
2.12, 64.73, 69.65, 5.60, 3.00, 1, 0.791
2.13, 64.61, 69.60, 5.35, 3.00, 1, 0.792
2.14, 64.49, 69.56, 5.09, 3.00, 1, 0.792
2.15, 64.36, 69.51, 4.84, 3.00, 1, 0.793
2.16, 64.24, 69.47, 4.59, 3.00, 1, 0.793
2.17, 64.12, 69.42, 4.35, 3.00, 1, 0.794
2.18, 63.99, 69.37, 4.11, 3.00, 1, 0.794
2.19, 63.87, 69.32, 3.87, 3.00, 1, 0.794
2.20, 63.75, 69.27, 3.63, 3.00, 1, 0.795
2.21, 63.62, 69.22, 3.39, 3.00, 1, 0.795
2.22, 63.50, 69.16, 3.16, 3.00, 1, 0.795
2.23, 63.38, 69.11, 2.93, 3.00, 1, 0.796
2.24, 63.25, 69.05, 2.70, 3.00, 1, 0.796
2.25, 63.13, 69.00, 2.48, 3.00, 1, 0.796
2.26, 63.00, 68.94, 2.25, 3.00, 1, 0.797
2.27, 62.88, 68.88, 2.03, 3.00, 1, 0.797
2.28, 62.76, 68.82, 1.82, 3.00, 1, 0.797
2.29, 62.63, 68.76, 1.60, 3.00, 1, 0.797
2.30, 62.51, 68.70, 1.39, 3.00, 1, 0.798
2.31, 62.38, 68.64, 1.18, 3.00, 1, 0.798
2.32, 62.26, 68.57, 0.97, 3.00, 1, 0.798
2.33, 62.13, 68.51, 0.76, 3.00, 1, 0.798
2.34, 62.01, 68.44, 0.56, 3.00, 1, 0.798
2.35, 61.88, 68.37, 0.35, 3.00, 1, 0.799
2.36, 61.76, 68.31, 0.15, 3.00, 1, 0.799
2.37, 61.63, 68.24, -0.04, 3.00, 1, 0.799
2.38, 61.51, 68.17, -0.24, 3.00, 1, 0.799
2.39, 61.38, 68.10, -0.43, 3.00, 1, 0.799
2.40, 61.26, 68.03, -0.62, 3.00, 1, 0.799
2.41, 61.13, 67.96, -0.81, 3.00, 1, 0.800
2.42, 61.00, 67.88, -1.00, 3.00, 1, 0.800
2.43, 60.88, 67.81, -1.18, 3.00, 1, 0.800
2.44, 60.75, 67.73, -1.36, 3.00, 1, 0.800
2.45, 60.63, 67.66, -1.54, 3.00, 1, 0.800
2.46, 60.50, 67.58, -1.72, 3.00, 1, 0.800
2.47, 60.38, 67.51, -1.90, 3.00, 1, 0.800
2.48, 60.25, 67.43, -2.07, 3.00, 1, 0.800
2.49, 60.13, 67.35, -2.24, 3.00, 1, 0.800
2.50, 60.00, 67.27, -2.41, 3.00, 1, 0.800
2.51, 59.87, 67.19, -2.58, 3.00, 1, 0.800
2.52, 59.75, 67.11, -2.75, 3.00, 1, 0.800
2.53, 59.62, 67.03, -2.91, 3.00, 1, 0.800
2.54, 59.50, 66.94, -3.07, 3.00, 1, 0.800
2.55, 59.37, 66.86, -3.23, 3.00, 1, 0.800
2.56, 59.25, 66.78, -3.39, 3.00, 1, 0.800
2.57, 59.12, 66.69, -3.55, 3.00, 1, 0.800
2.58, 59.00, 66.61, -3.70, 3.00, 1, 0.800
2.59, 58.87, 66.52, -3.85, 3.00, 1, 0.800
2.60, 58.74, 66.44, -4.00, 3.00, 1, 0.799
2.61, 58.62, 66.35, -4.15, 3.00, 1, 0.799
2.62, 58.49, 66.26, -4.30, 3.00, 1, 0.799
2.63, 58.37, 66.17, -4.44, 3.00, 1, 0.799
2.64, 58.24, 66.08, -4.59, 3.00, 1, 0.799
2.65, 58.12, 65.99, -4.73, 3.00, 1, 0.799
2.66, 57.99, 65.90, -4.87, 3.00, 1, 0.798
2.67, 57.87, 65.81, -5.00, 3.00, 1, 0.798
2.68, 57.74, 65.72, -5.14, 3.00, 1, 0.798
2.69, 57.62, 65.63, -5.27, 3.00, 1, 0.798
2.70, 57.49, 65.54, -5.41, 3.00, 1, 0.798
2.71, 57.37, 65.44, -5.54, 3.00, 1, 0.797
2.72, 57.24, 65.35, -5.66, 3.00, 1, 0.797
2.73, 57.12, 65.25, -5.79, 3.00, 1, 0.797
2.74, 57.00, 65.16, -5.91, 3.00, 1, 0.797
2.75, 56.87, 65.06, -6.04, 3.00, 1, 0.796
2.76, 56.75, 64.97, -6.16, 3.00, 1, 0.796
2.77, 56.62, 64.87, -6.28, 3.00, 1, 0.796
2.78, 56.50, 64.77, -6.40, 3.00, 1, 0.795
2.79, 56.38, 64.68, -6.51, 3.00, 1, 0.795
2.80, 56.25, 64.58, -6.63, 3.00, 1, 0.795
2.81, 56.13, 64.48, -6.74, 3.00, 1, 0.794
2.82, 56.01, 64.38, -6.85, 3.00, 1, 0.794
2.83, 55.88, 64.28, -6.96, 3.00, 1, 0.794
2.84, 55.76, 64.18, -7.07, 3.00, 1, 0.793
2.85, 55.64, 64.08, -7.17, 3.00, 1, 0.793
2.86, 55.51, 63.98, -7.28, 3.00, 1, 0.792
2.87, 55.39, 63.88, -7.38, 3.00, 1, 0.792
2.88, 55.27, 63.78, -7.48, 3.00, 1, 0.791
2.89, 55.15, 63.68, -7.58, 3.00, 1, 0.791
2.90, 55.03, 63.58, -7.68, 3.00, 1, 0.791
2.91, 54.90, 63.47, -7.77, 3.00, 1, 0.790
2.92, 54.78, 63.37, -7.87, 3.00, 1, 0.790
2.93, 54.66, 63.27, -7.96, 3.00, 1, 0.789
2.94, 54.54, 63.17, -8.05, 3.00, 1, 0.789
2.95, 54.42, 63.06, -8.14, 3.00, 1, 0.788
2.96, 54.30, 62.96, -8.23, 3.00, 1, 0.788
2.97, 54.18, 62.85, -8.32, 3.00, 1, 0.787
2.98, 54.06, 62.75, -8.40, 3.00, 1, 0.786
2.99, 53.94, 62.64, -8.49, 3.00, 1, 0.786
3.00, 53.82, 62.54, -8.57, 3.00, 1, 0.785
3.01, 53.70, 62.43, -8.65, 3.00, 1, 0.785
3.02, 53.58, 62.33, -8.73, 3.00, 1, 0.784
3.03, 53.46, 62.22, -8.80, 3.00, 1, 0.784
3.04, 53.34, 62.11, -8.88, 3.00, 1, 0.783
3.05, 53.23, 62.01, -8.95, 3.00, 1, 0.782
3.06, 53.11, 61.90, -9.03, 3.00, 1, 0.782
3.07, 52.99, 61.79, -9.10, 3.00, 1, 0.781
3.08, 52.87, 61.68, -9.17, 3.00, 1, 0.780
3.09, 52.75, 61.58, -9.24, 3.00, 1, 0.780
3.10, 52.64, 61.47, -9.30, 3.00, 1, 0.779
3.11, 52.52, 61.36, -9.37, 3.00, 1, 0.778
3.12, 52.40, 61.25, -9.43, 3.00, 1, 0.778
3.13, 52.29, 61.14, -9.49, 3.00, 1, 0.777
3.14, 52.17, 61.03, -9.56, 3.00, 1, 0.776
3.15, 52.06, 60.92, -9.61, 3.00, 1, 0.775
3.16, 51.94, 60.81, -9.67, 3.00, 1, 0.775
3.17, 51.83, 60.71, -9.73, 3.00, 1, 0.774
3.18, 51.71, 60.60, -9.78, 3.00, 1, 0.773
3.19, 51.60, 60.49, -9.84, 3.00, 1, 0.772
3.20, 51.48, 60.38, -9.89, 3.00, 1, 0.771
3.21, 51.37, 60.27, -9.94, 3.00, 1, 0.771
3.22, 51.26, 60.16, -9.99, 3.00, 1, 0.770
3.23, 51.14, 60.05, -10.04, 3.00, 1, 0.769
3.24, 51.03, 59.93, -10.09, 3.00, 1, 0.768
3.25, 50.92, 59.82, -10.13, 3.00, 1, 0.767
3.26, 50.81, 59.71, -10.17, 3.00, 1, 0.766
3.27, 50.70, 59.60, -10.22, 3.00, 1, 0.766
3.28, 50.59, 59.49, -10.26, 3.00, 1, 0.765
3.29, 50.48, 59.38, -10.30, 3.00, 1, 0.764
3.30, 50.36, 59.27, -10.34, 3.00, 1, 0.763
3.31, 50.26, 59.16, -10.37, 3.00, 1, 0.762
3.32, 50.15, 59.05, -10.41, 3.00, 1, 0.761
3.33, 50.04, 58.94, -10.44, 3.00, 1, 0.760
3.34, 49.93, 58.82, -10.48, 3.00, 1, 0.759
3.35, 49.82, 58.71, -10.51, 3.00, 1, 0.758
3.36, 49.71, 58.60, -10.54, 3.00, 1, 0.757
3.37, 49.60, 58.49, -10.57, 3.00, 1, 0.756
3.38, 49.50, 58.38, -10.59, 3.00, 1, 0.755
3.39, 49.39, 58.27, -10.62, 3.00, 1, 0.754
3.40, 49.28, 58.16, -10.65, 3.00, 1, 0.753
3.41, 49.18, 58.04, -10.67, 3.00, 1, 0.752
3.42, 49.07, 57.93, -10.69, 3.00, 1, 0.751
3.43, 48.97, 57.82, -10.71, 3.00, 1, 0.750
3.44, 48.86, 57.71, -10.73, 3.00, 1, 0.749
3.45, 48.76, 57.60, -10.75, 3.00, 1, 0.748
3.46, 48.65, 57.49, -10.77, 3.00, 1, 0.747
3.47, 48.55, 57.38, -10.78, 3.00, 1, 0.746
3.48, 48.45, 57.26, -10.80, 3.00, 1, 0.745
3.49, 48.35, 57.15, -10.81, 3.00, 1, 0.744
3.50, 48.24, 57.04, -10.82, 3.00, 1, 0.743
3.51, 48.14, 56.93, -10.84, 3.00, 1, 0.742
3.52, 48.04, 56.82, -10.84, 3.00, 1, 0.740
3.53, 47.94, 56.71, -10.85, 3.00, 1, 0.739
3.54, 47.84, 56.60, -10.86, 3.00, 1, 0.738
3.55, 47.74, 56.49, -10.87, 3.00, 1, 0.737
3.56, 47.64, 56.38, -10.87, 3.00, 1, 0.736
3.57, 47.54, 56.26, -10.87, 3.00, 1, 0.735
3.58, 47.45, 56.15, -10.88, 3.00, 1, 0.734
3.59, 47.35, 56.04, -10.88, 3.00, 1, 0.732
3.60, 47.25, 55.93, -10.88, 3.00, 1, 0.731
3.61, 47.15, 55.82, -10.87, 3.00, 1, 0.730
3.62, 47.06, 55.71, -10.87, 3.00, 1, 0.729
3.63, 46.96, 55.60, -10.87, 3.00, 1, 0.728
3.64, 46.87, 55.49, -10.86, 3.00, 1, 0.726
3.65, 46.77, 55.38, -10.86, 3.00, 1, 0.725
3.66, 46.68, 55.27, -10.85, 3.00, 1, 0.724
3.67, 46.59, 55.16, -10.84, 3.00, 1, 0.723
3.68, 46.49, 55.05, -10.83, 3.00, 1, 0.721
3.69, 46.40, 54.95, -10.82, 3.00, 1, 0.720
3.70, 46.31, 54.84, -10.81, 3.00, 1, 0.719
3.71, 46.22, 54.73, -10.79, 3.00, 1, 0.717
3.72, 46.13, 54.62, -10.78, 3.00, 1, 0.716
3.73, 46.04, 54.51, -10.76, 3.00, 1, 0.715
3.74, 45.95, 54.40, -10.74, 3.00, 1, 0.713
3.75, 45.86, 54.29, -10.73, 3.00, 1, 0.712
3.76, 45.77, 54.19, -10.71, 3.00, 1, 0.711
3.77, 45.68, 54.08, -10.69, 3.00, 1, 0.709
3.78, 45.59, 53.97, -10.67, 3.00, 1, 0.708
3.79, 45.51, 53.86, -10.64, 3.00, 1, 0.707
3.80, 45.42, 53.76, -10.62, 3.00, 1, 0.705
3.81, 45.33, 53.65, -10.59, 3.00, 1, 0.704
3.82, 45.25, 53.54, -10.57, 3.00, 1, 0.703
3.83, 45.17, 53.44, -10.54, 3.00, 1, 0.701
3.84, 45.08, 53.33, -10.51, 3.00, 1, 0.700
3.85, 45.00, 53.23, -10.48, 3.00, 1, 0.698
3.86, 44.92, 53.12, -10.45, 3.00, 1, 0.697
3.87, 44.83, 53.02, -10.42, 3.00, 1, 0.696
3.88, 44.75, 52.91, -10.39, 3.00, 1, 0.694
3.89, 44.67, 52.81, -10.35, 3.00, 1, 0.693
3.90, 44.59, 52.70, -10.32, 3.00, 1, 0.691
3.91, 44.51, 52.60, -10.28, 3.00, 1, 0.690
3.92, 44.43, 52.49, -10.24, 3.00, 1, 0.688
3.93, 44.35, 52.39, -10.21, 3.00, 1, 0.687
3.94, 44.27, 52.29, -10.17, 3.00, 1, 0.685
3.95, 44.20, 52.18, -10.13, 3.00, 1, 0.684
3.96, 44.12, 52.08, -10.08, 3.00, 1, 0.682
3.97, 44.04, 51.98, -10.04, 3.00, 1, 0.681
3.98, 43.97, 51.88, -10.00, 3.00, 1, 0.679
3.99, 43.89, 51.78, -9.95, 3.00, 1, 0.678
4.00, 43.82, 51.67, -9.91, 3.00, 1, 0.676
4.01, 43.75, 51.57, -9.86, 3.00, 1, 0.675
4.02, 43.67, 51.47, -9.81, 3.00, 1, 0.673
4.03, 43.60, 51.37, -9.76, 3.00, 1, 0.672
4.04, 43.53, 51.27, -9.71, 3.00, 1, 0.670
4.05, 43.46, 51.17, -9.66, 3.00, 1, 0.669
4.06, 43.39, 51.07, -9.61, 3.00, 1, 0.667
4.07, 43.32, 50.97, -9.56, 3.00, 1, 0.665
4.08, 43.25, 50.88, -9.50, 3.00, 1, 0.664
4.09, 43.18, 50.78, -9.45, 3.00, 1, 0.662
4.10, 43.11, 50.68, -9.39, 3.00, 1, 0.661
4.11, 43.05, 50.58, -9.34, 3.00, 1, 0.659
4.12, 42.98, 50.49, -9.28, 3.00, 1, 0.658
4.13, 42.91, 50.39, -9.22, 3.00, 1, 0.656
4.14, 42.85, 50.29, -9.16, 3.00, 1, 0.654
4.15, 42.79, 50.20, -9.10, 3.00, 1, 0.653
4.16, 42.72, 50.10, -9.04, 3.00, 1, 0.651
4.17, 42.66, 50.01, -8.97, 3.00, 1, 0.649
4.18, 42.60, 49.91, -8.91, 3.00, 1, 0.648
4.19, 42.53, 49.82, -8.85, 3.00, 1, 0.646
4.20, 42.47, 49.72, -8.78, 3.00, 1, 0.645
4.21, 42.41, 49.63, -8.71, 3.00, 1, 0.643
4.22, 42.35, 49.54, -8.65, 3.00, 1, 0.641
4.23, 42.30, 49.45, -8.58, 3.00, 1, 0.640
4.24, 42.24, 49.35, -8.51, 3.00, 1, 0.638
4.25, 42.18, 49.26, -8.44, 3.00, 1, 0.636
4.26, 42.12, 49.17, -8.36, 3.00, 1, 0.635
4.27, 42.07, 49.08, -8.29, 3.00, 1, 0.633
4.28, 42.01, 48.99, -8.22, 3.00, 1, 0.631
4.29, 41.96, 48.90, -8.15, 3.00, 1, 0.629
4.30, 41.90, 48.81, -8.07, 3.00, 1, 0.628
4.31, 41.85, 48.72, -7.99, 3.00, 1, 0.626
4.32, 41.80, 48.63, -7.92, 3.00, 1, 0.624
4.33, 41.75, 48.55, -7.84, 3.00, 1, 0.623
4.34, 41.70, 48.46, -7.76, 3.00, 1, 0.621
4.35, 41.64, 48.37, -7.68, 3.00, 1, 0.619
4.36, 41.60, 48.29, -7.60, 3.00, 1, 0.617
4.37, 41.55, 48.20, -7.52, 3.00, 1, 0.616
4.38, 41.50, 48.11, -7.44, 3.00, 1, 0.614
4.39, 41.45, 48.03, -7.35, 3.00, 1, 0.612
4.40, 41.40, 47.95, -7.27, 3.00, 1, 0.610
4.41, 41.36, 47.86, -7.18, 3.00, 1, 0.609
4.42, 41.31, 47.78, -7.10, 3.00, 1, 0.607
4.43, 41.27, 47.70, -7.01, 3.00, 1, 0.605
4.44, 41.23, 47.61, -6.93, 3.00, 1, 0.603
4.45, 41.18, 47.53, -6.84, 3.00, 1, 0.602
4.46, 41.14, 47.45, -6.75, 3.00, 1, 0.600
4.47, 41.10, 47.37, -6.66, 3.00, 1, 0.598
4.48, 41.06, 47.29, -6.57, 3.00, 1, 0.596
4.49, 41.02, 47.21, -6.48, 3.00, 1, 0.594
4.50, 40.98, 47.13, -6.38, 3.00, 1, 0.593
4.51, 40.94, 47.05, -6.29, 3.00, 1, 0.591
4.52, 40.90, 46.97, -6.20, 3.00, 1, 0.589
4.53, 40.87, 46.90, -6.10, 3.00, 1, 0.587
4.54, 40.83, 46.82, -6.01, 3.00, 1, 0.586
4.55, 40.79, 46.74, -5.91, 3.00, 1, 0.584
4.56, 40.76, 46.67, -5.81, 3.00, 1, 0.582
4.57, 40.73, 46.59, -5.71, 3.00, 1, 0.580
4.58, 40.69, 46.52, -5.62, 3.00, 1, 0.578
4.59, 40.66, 46.44, -5.52, 3.00, 1, 0.576
4.60, 40.63, 46.37, -5.42, 3.00, 1, 0.575
4.61, 40.60, 46.30, -5.31, 3.00, 1, 0.573
4.62, 40.57, 46.22, -5.21, 3.00, 1, 0.571
4.63, 40.54, 46.15, -5.11, 3.00, 1, 0.569
4.64, 40.51, 46.08, -5.01, 3.00, 1, 0.567
4.65, 40.48, 46.01, -4.90, 3.00, 1, 0.565
4.66, 40.45, 45.94, -4.80, 3.00, 1, 0.564
4.67, 40.43, 45.87, -4.69, 3.00, 1, 0.562
4.68, 40.40, 45.80, -4.59, 3.00, 1, 0.560
4.69, 40.38, 45.73, -4.48, 3.00, 1, 0.558
4.70, 40.35, 45.67, -4.37, 3.00, 1, 0.556
4.71, 40.33, 45.60, -4.26, 3.00, 1, 0.554
4.72, 40.31, 45.53, -4.15, 3.00, 1, 0.553
4.73, 40.29, 45.47, -4.04, 3.00, 1, 0.551
4.74, 40.27, 45.40, -3.93, 3.00, 1, 0.549
4.75, 40.25, 45.34, -3.82, 3.00, 1, 0.547
4.76, 40.23, 45.27, -3.71, 3.00, 1, 0.545
4.77, 40.21, 45.21, -3.60, 3.00, 1, 0.543
4.78, 40.19, 45.15, -3.49, 3.00, 1, 0.541
4.79, 40.17, 45.09, -3.37, 3.00, 1, 0.539
4.80, 40.16, 45.02, -3.26, 3.00, 1, 0.538
4.81, 40.14, 44.96, -3.14, 3.00, 1, 0.536
4.82, 40.13, 44.90, -3.03, 3.00, 1, 0.534
4.83, 40.11, 44.84, -2.91, 3.00, 1, 0.532
4.84, 40.10, 44.79, -2.79, 3.00, 1, 0.530
4.85, 40.09, 44.73, -2.68, 3.00, 1, 0.528
4.86, 40.08, 44.67, -2.56, 3.00, 1, 0.526
4.87, 40.07, 44.61, -2.44, 3.00, 1, 0.524
4.88, 40.06, 44.56, -2.32, 3.00, 1, 0.523
4.89, 40.05, 44.50, -2.20, 3.00, 1, 0.521
4.90, 40.04, 44.45, -2.08, 3.00, 1, 0.519
4.91, 40.03, 44.39, -1.96, 3.00, 1, 0.517
4.92, 40.03, 44.34, -1.83, 3.00, 1, 0.515
4.93, 40.02, 44.29, -1.71, 3.00, 1, 0.513
4.94, 40.01, 44.23, -1.59, 3.00, 1, 0.511
4.95, 40.01, 44.18, -1.46, 3.00, 1, 0.509
4.96, 40.01, 44.13, -1.34, 3.00, 1, 0.508
4.97, 40.00, 44.08, -1.22, 3.00, 1, 0.506
4.98, 40.00, 44.03, -1.09, 3.00, 1, 0.504
4.99, 40.00, 43.98, -0.96, 3.00, 1, 0.502
5.00, 40.00, 43.93, -0.84, 3.00, 1, 0.500
5.01, 40.00, 43.89, -0.71, 3.00, 1, 0.498
5.02, 40.00, 43.84, -0.58, 3.00, 1, 0.496
5.03, 40.00, 43.79, -0.45, 3.00, 1, 0.494
5.04, 40.01, 43.75, -0.33, 3.00, 1, 0.492
5.05, 40.01, 43.70, -0.20, 3.00, 1, 0.491
5.06, 40.01, 43.66, -0.07, 3.00, 1, 0.489
5.07, 40.02, 43.62, 0.06, 3.00, 1, 0.487
5.08, 40.03, 43.57, 0.19, 3.00, 1, 0.485
5.09, 40.03, 43.53, 0.33, 3.00, 1, 0.483
5.10, 40.04, 43.49, 0.46, 3.00, 1, 0.481
5.11, 40.05, 43.45, 0.59, 3.00, 1, 0.479
5.12, 40.06, 43.41, 0.72, 3.00, 1, 0.477
5.13, 40.07, 43.37, 0.86, 3.00, 1, 0.476
5.14, 40.08, 43.33, 0.99, 3.00, 1, 0.474
5.15, 40.09, 43.29, 1.12, 3.00, 1, 0.472
5.16, 40.10, 43.26, 1.26, 3.00, 1, 0.470
5.17, 40.11, 43.22, 1.39, 3.00, 1, 0.468
5.18, 40.13, 43.19, 1.53, 3.00, 1, 0.466
5.19, 40.14, 43.15, 1.67, 3.00, 1, 0.464
5.20, 40.16, 43.12, 1.80, 3.00, 1, 0.462
5.21, 40.17, 43.08, 1.94, 3.00, 1, 0.461
5.22, 40.19, 43.05, 2.08, 3.00, 1, 0.459
5.23, 40.21, 43.02, 2.21, 3.00, 1, 0.457
5.24, 40.23, 42.99, 2.35, 3.00, 1, 0.455
5.25, 40.25, 42.96, 2.49, 3.00, 1, 0.453
5.26, 40.27, 42.93, 2.63, 3.00, 1, 0.451
5.27, 40.29, 43.32, 87.23, 1.00, 0, 0.449
5.28, 40.31, 43.71, 86.85, 1.00, 0, 0.447
5.29, 40.33, 44.10, 86.48, 1.00, 0, 0.446
5.30, 40.35, 44.49, 86.11, 1.00, 0, 0.444
5.31, 40.38, 44.87, 85.75, 1.00, 0, 0.442
5.32, 40.40, 45.25, 85.38, 1.00, 0, 0.440
5.33, 40.43, 45.63, 85.02, 1.00, 0, 0.438
5.34, 40.45, 46.01, 84.66, 1.00, 0, 0.436
5.35, 40.48, 46.39, 84.31, 1.00, 0, 0.435
5.36, 40.51, 46.76, 83.95, 1.00, 0, 0.433
5.37, 40.54, 47.13, 83.60, 1.00, 0, 0.431
5.38, 40.57, 47.50, 83.25, 1.00, 0, 0.429
5.39, 40.60, 47.87, 82.91, 1.00, 0, 0.427
5.40, 40.63, 48.23, 82.56, 1.00, 0, 0.425
5.41, 40.66, 48.59, 82.22, 1.00, 0, 0.424
5.42, 40.69, 48.96, 81.88, 1.00, 0, 0.422
5.43, 40.73, 49.31, 81.55, 1.00, 0, 0.420
5.44, 40.76, 49.67, 81.22, 1.00, 0, 0.418
5.45, 40.79, 50.03, 80.88, 1.00, 0, 0.416
5.46, 40.83, 50.38, 80.56, 1.00, 0, 0.414
5.47, 40.87, 50.73, 80.23, 1.00, 0, 0.413
5.48, 40.90, 51.08, 79.91, 1.00, 0, 0.411
5.49, 40.94, 51.43, 79.58, 1.00, 0, 0.409
5.50, 40.98, 51.77, 79.27, 1.00, 0, 0.407
5.51, 41.02, 52.11, 78.95, 1.00, 0, 0.406
5.52, 41.06, 52.45, 78.64, 1.00, 0, 0.404
5.53, 41.10, 52.79, 78.32, 1.00, 0, 0.402
5.54, 41.14, 53.13, 78.01, 1.00, 0, 0.400
5.55, 41.18, 53.47, 77.71, 1.00, 0, 0.398
5.56, 41.23, 53.80, 77.40, 1.00, 0, 0.397
5.57, 41.27, 54.13, 77.10, 1.00, 0, 0.395
5.58, 41.31, 54.46, 76.80, 1.00, 0, 0.393
5.59, 41.36, 54.79, 76.50, 1.00, 0, 0.391
5.60, 41.40, 55.12, 76.21, 1.00, 0, 0.390
5.61, 41.45, 55.44, 75.91, 1.00, 0, 0.388
5.62, 41.50, 55.76, 75.62, 1.00, 0, 0.386
5.63, 41.55, 56.08, 75.33, 1.00, 0, 0.384
5.64, 41.60, 56.40, 75.05, 1.00, 0, 0.383
5.65, 41.64, 56.72, 74.76, 1.00, 0, 0.381
5.66, 41.70, 57.04, 74.48, 1.00, 0, 0.379
5.67, 41.75, 57.35, 74.20, 1.00, 0, 0.377
5.68, 41.80, 57.66, 73.92, 1.00, 0, 0.376
5.69, 41.85, 57.97, 73.65, 1.00, 0, 0.374
5.70, 41.90, 58.28, 73.37, 1.00, 0, 0.372
5.71, 41.96, 58.59, 73.10, 1.00, 0, 0.371
5.72, 42.01, 58.89, 72.83, 1.00, 0, 0.369
5.73, 42.07, 59.20, 72.57, 1.00, 0, 0.367
5.74, 42.12, 59.50, 72.30, 1.00, 0, 0.365
5.75, 42.18, 59.80, 72.04, 1.00, 0, 0.364
5.76, 42.24, 60.10, 71.78, 1.00, 0, 0.362
5.77, 42.30, 60.40, 71.52, 1.00, 0, 0.360
5.78, 42.35, 60.69, 71.26, 1.00, 0, 0.359
5.79, 42.41, 60.99, 71.01, 1.00, 0, 0.357
5.80, 42.47, 61.28, 70.75, 1.00, 0, 0.355
5.81, 42.53, 61.57, 70.50, 1.00, 0, 0.354
5.82, 42.60, 61.86, 70.26, 1.00, 0, 0.352
5.83, 42.66, 62.15, 70.01, 1.00, 0, 0.351
5.84, 42.72, 62.44, 69.76, 1.00, 0, 0.349
5.85, 42.79, 62.72, 69.52, 1.00, 0, 0.347
5.86, 42.85, 63.01, 69.28, 1.00, 0, 0.346
5.87, 42.91, 63.29, 69.04, 1.00, 0, 0.344
5.88, 42.98, 63.57, 68.80, 1.00, 0, 0.342
5.89, 43.05, 63.85, 68.57, 1.00, 0, 0.341
5.90, 43.11, 64.13, 68.34, 1.00, 0, 0.339
5.91, 43.18, 64.40, 68.11, 1.00, 0, 0.338
5.92, 43.25, 64.68, 67.88, 1.00, 0, 0.336
5.93, 43.32, 64.95, 67.65, 1.00, 0, 0.335
5.94, 43.39, 65.22, 67.42, 1.00, 0, 0.333
5.95, 43.46, 65.49, 67.20, 1.00, 0, 0.331
5.96, 43.53, 65.76, 66.98, 1.00, 0, 0.330
5.97, 43.60, 66.03, 66.76, 1.00, 0, 0.328
5.98, 43.67, 66.30, 66.54, 1.00, 0, 0.327
5.99, 43.75, 66.56, 66.32, 1.00, 0, 0.325
6.00, 43.82, 66.83, 66.11, 1.00, 0, 0.324
6.01, 43.89, 67.09, 65.90, 1.00, 0, 0.322
6.02, 43.97, 67.35, 65.69, 1.00, 0, 0.321
6.03, 44.04, 67.61, 65.48, 1.00, 0, 0.319
6.04, 44.12, 67.87, 65.27, 1.00, 0, 0.318
6.05, 44.20, 68.13, 65.06, 1.00, 0, 0.316
6.06, 44.27, 68.38, 64.86, 1.00, 0, 0.315
6.07, 44.35, 68.64, 64.66, 1.00, 0, 0.313
6.08, 44.43, 68.89, 64.46, 1.00, 0, 0.312
6.09, 44.51, 69.14, 64.26, 1.00, 0, 0.310
6.10, 44.59, 69.40, 64.06, 1.00, 0, 0.309
6.11, 44.67, 69.64, 63.86, 1.00, 0, 0.307
6.12, 44.75, 69.89, 63.67, 1.00, 0, 0.306
6.13, 44.83, 70.14, 63.48, 1.00, 0, 0.304
6.14, 44.91, 70.39, 63.29, 1.00, 0, 0.303
6.15, 45.00, 70.63, 63.10, 1.00, 0, 0.302
6.16, 45.08, 70.88, 62.91, 1.00, 0, 0.300
6.17, 45.17, 71.12, 62.73, 1.00, 0, 0.299
6.18, 45.25, 71.36, 62.54, 1.00, 0, 0.297
6.19, 45.33, 71.60, 62.36, 1.00, 0, 0.296
6.20, 45.42, 71.84, 62.18, 1.00, 0, 0.295
6.21, 45.51, 72.08, 62.00, 1.00, 0, 0.293
6.22, 45.59, 72.32, 61.82, 1.00, 0, 0.292
6.23, 45.68, 72.55, 61.65, 1.00, 0, 0.291
6.24, 45.77, 72.79, 61.47, 1.00, 0, 0.289
6.25, 45.86, 73.02, 61.30, 1.00, 0, 0.288
6.26, 45.95, 73.25, 61.13, 1.00, 0, 0.287
6.27, 46.04, 73.48, 60.96, 1.00, 0, 0.285
6.28, 46.13, 73.71, 60.79, 1.00, 0, 0.284
6.29, 46.22, 73.94, 60.62, 1.00, 0, 0.283
6.30, 46.31, 74.17, 60.45, 1.00, 0, 0.281
6.31, 46.40, 74.40, 60.29, 1.00, 0, 0.280
6.32, 46.49, 74.63, 60.13, 1.00, 0, 0.279
6.33, 46.59, 74.85, 59.97, 1.00, 0, 0.277
6.34, 46.68, 75.08, 59.81, 1.00, 0, 0.276
6.35, 46.77, 75.30, 59.65, 1.00, 0, 0.275
6.36, 46.87, 75.52, 59.49, 1.00, 0, 0.274
6.37, 46.96, 75.74, 59.34, 1.00, 0, 0.272
6.38, 47.06, 75.96, 59.18, 1.00, 0, 0.271
6.39, 47.15, 76.18, 59.03, 1.00, 0, 0.270
6.40, 47.25, 76.40, 58.88, 1.00, 0, 0.269
6.41, 47.35, 76.62, 58.73, 1.00, 0, 0.268
6.42, 47.45, 76.83, 58.58, 1.00, 0, 0.266
6.43, 47.54, 77.05, 58.43, 1.00, 0, 0.265
6.44, 47.64, 77.26, 58.28, 1.00, 0, 0.264
6.45, 47.74, 77.48, 58.14, 1.00, 0, 0.263
6.46, 47.84, 77.69, 58.00, 1.00, 0, 0.262
6.47, 47.94, 77.90, 57.85, 1.00, 0, 0.261
6.48, 48.04, 78.11, 57.71, 1.00, 0, 0.260
6.49, 48.14, 78.32, 57.57, 1.00, 0, 0.258
6.50, 48.24, 78.53, 57.43, 1.00, 0, 0.257
6.51, 48.35, 78.74, 57.30, 1.00, 0, 0.256
6.52, 48.45, 78.94, 57.16, 1.00, 0, 0.255
6.53, 48.55, 79.15, 57.03, 1.00, 0, 0.254
6.54, 48.65, 79.36, 56.89, 1.00, 0, 0.253
6.55, 48.76, 79.56, 56.76, 1.00, 0, 0.252
6.56, 48.86, 79.76, 56.63, 1.00, 0, 0.251
6.57, 48.97, 79.97, 56.50, 1.00, 0, 0.250
6.58, 49.07, 80.17, 56.37, 1.00, 0, 0.249
6.59, 49.18, 80.37, 56.24, 1.00, 0, 0.248
6.60, 49.28, 80.57, 56.12, 1.00, 0, 0.247
6.61, 49.39, 80.77, 55.99, 1.00, 0, 0.246
6.62, 49.50, 80.97, 55.87, 1.00, 0, 0.245
6.63, 49.60, 81.17, 55.75, 1.00, 0, 0.244
6.64, 49.71, 81.36, 55.62, 1.00, 0, 0.243
6.65, 49.82, 81.56, 55.50, 1.00, 0, 0.242
6.66, 49.93, 81.75, 55.38, 1.00, 0, 0.241
6.67, 50.04, 81.95, 55.27, 1.00, 0, 0.240
6.68, 50.15, 82.14, 55.15, 1.00, 0, 0.239
6.69, 50.25, 82.34, 55.03, 1.00, 0, 0.238
6.70, 50.36, 82.53, 54.92, 1.00, 0, 0.237
6.71, 50.48, 82.72, 54.80, 1.00, 0, 0.236
6.72, 50.59, 82.91, 54.69, 1.00, 0, 0.235
6.73, 50.70, 83.10, 54.58, 1.00, 0, 0.234
6.74, 50.81, 83.29, 54.47, 1.00, 0, 0.234
6.75, 50.92, 83.48, 54.36, 1.00, 0, 0.233
6.76, 51.03, 83.67, 54.25, 1.00, 0, 0.232
6.77, 51.14, 83.85, 54.14, 1.00, 0, 0.231
6.78, 51.26, 84.04, 54.03, 1.00, 0, 0.230
6.79, 51.37, 84.22, 53.93, 1.00, 0, 0.229
6.80, 51.48, 84.41, 53.82, 1.00, 0, 0.229
6.81, 51.60, 84.59, 53.72, 1.00, 0, 0.228
6.82, 51.71, 84.78, 53.62, 1.00, 0, 0.227
6.83, 51.83, 84.96, 53.52, 1.00, 0, 0.226
6.84, 51.94, 85.14, 53.41, 1.00, 0, 0.225
6.85, 52.06, 85.32, 53.31, 1.00, 0, 0.225
6.86, 52.17, 85.50, 53.22, 1.00, 0, 0.224
6.87, 52.29, 85.68, 53.12, 1.00, 0, 0.223
6.88, 52.40, 85.86, 53.02, 1.00, 0, 0.222
6.89, 52.52, 86.04, 52.92, 1.00, 0, 0.222
6.90, 52.64, 86.22, 52.83, 1.00, 0, 0.221
6.91, 52.75, 86.40, 52.73, 1.00, 0, 0.220
6.92, 52.87, 86.57, 52.64, 1.00, 0, 0.220
6.93, 52.99, 86.75, 52.55, 1.00, 0, 0.219
6.94, 53.11, 86.93, 52.46, 1.00, 0, 0.218
6.95, 53.23, 87.10, 52.36, 1.00, 0, 0.218
6.96, 53.34, 87.28, 52.27, 1.00, 0, 0.217
6.97, 53.46, 87.45, 52.18, 1.00, 0, 0.216
6.98, 53.58, 87.62, 52.10, 1.00, 0, 0.216
6.99, 53.70, 87.79, 52.01, 1.00, 0, 0.215
7.00, 53.82, 87.97, 51.92, 1.00, 0, 0.215
7.01, 53.94, 88.14, 51.83, 1.00, 0, 0.214
7.02, 54.06, 88.31, 51.75, 1.00, 0, 0.214
7.03, 54.18, 88.48, 51.66, 1.00, 0, 0.213
7.04, 54.30, 88.65, 51.58, 1.00, 0, 0.212
7.05, 54.42, 88.82, 51.50, 1.00, 0, 0.212
7.06, 54.54, 88.98, 51.42, 1.00, 0, 0.211
7.07, 54.66, 89.15, 51.33, 1.00, 0, 0.211
7.08, 54.78, 89.32, 51.25, 1.00, 0, 0.210
7.09, 54.90, 89.49, 51.17, 1.00, 0, 0.210
7.10, 55.03, 89.65, 51.09, 1.00, 0, 0.209
7.11, 55.15, 89.82, 51.01, 1.00, 0, 0.209
7.12, 55.27, 89.98, 50.94, 1.00, 0, 0.209
7.13, 55.39, 90.15, 50.86, 1.00, 0, 0.208
7.14, 55.51, 90.31, 50.78, 1.00, 0, 0.208
7.15, 55.64, 90.47, 50.71, 1.00, 0, 0.207
7.16, 55.76, 90.64, 50.63, 1.00, 0, 0.207
7.17, 55.88, 90.80, 50.56, 1.00, 0, 0.206
7.18, 56.01, 90.96, 50.48, 1.00, 0, 0.206
7.19, 56.13, 91.12, 50.41, 1.00, 0, 0.206
7.20, 56.25, 91.28, 50.34, 1.00, 0, 0.205
7.21, 56.38, 91.44, 50.27, 1.00, 0, 0.205
7.22, 56.50, 91.60, 50.19, 1.00, 0, 0.205
7.23, 56.62, 91.76, 50.12, 1.00, 0, 0.204
7.24, 56.75, 91.92, 50.05, 1.00, 0, 0.204
7.25, 56.87, 92.08, 49.98, 1.00, 0, 0.204
7.26, 57.00, 92.23, 49.92, 1.00, 0, 0.203
7.27, 57.12, 92.39, 49.85, 1.00, 0, 0.203
7.28, 57.24, 92.55, 49.78, 1.00, 0, 0.203
7.29, 57.37, 92.70, 49.71, 1.00, 0, 0.203
7.30, 57.49, 92.86, 49.65, 1.00, 0, 0.202
7.31, 57.62, 93.01, 49.58, 1.00, 0, 0.202
7.32, 57.74, 93.17, 49.51, 1.00, 0, 0.202
7.33, 57.87, 93.32, 49.45, 1.00, 0, 0.202
7.34, 57.99, 93.48, 49.38, 1.00, 0, 0.202
7.35, 58.12, 93.63, 49.32, 1.00, 0, 0.201
7.36, 58.24, 93.78, 49.26, 1.00, 0, 0.201
7.37, 58.37, 93.93, 49.19, 1.00, 0, 0.201
7.38, 58.49, 94.09, 49.13, 1.00, 0, 0.201
7.39, 58.62, 94.24, 49.07, 1.00, 0, 0.201
7.40, 58.74, 94.39, 49.01, 1.00, 0, 0.201
7.41, 58.87, 94.54, 48.95, 1.00, 0, 0.200
7.42, 59.00, 94.69, 48.89, 1.00, 0, 0.200
7.43, 59.12, 94.84, 48.83, 1.00, 0, 0.200
7.44, 59.25, 94.99, 48.77, 1.00, 0, 0.200
7.45, 59.37, 95.14, 48.71, 1.00, 0, 0.200
7.46, 59.50, 95.28, 48.65, 1.00, 0, 0.200
7.47, 59.62, 95.43, 48.59, 1.00, 0, 0.200
7.48, 59.75, 95.58, 48.53, 1.00, 0, 0.200
7.49, 59.87, 95.73, 48.48, 1.00, 0, 0.200
7.50, 60.00, 95.87, 48.42, 1.00, 0, 0.200
7.51, 60.13, 96.02, 48.36, 1.00, 0, 0.200
7.52, 60.25, 96.16, 48.31, 1.00, 0, 0.200
7.53, 60.38, 96.31, 48.25, 1.00, 0, 0.200
7.54, 60.50, 96.45, 48.20, 1.00, 0, 0.200
7.55, 60.63, 96.60, 48.14, 1.00, 0, 0.200
7.56, 60.75, 96.74, 48.09, 1.00, 0, 0.200
7.57, 60.88, 96.88, 48.03, 1.00, 0, 0.200
7.58, 61.00, 97.03, 47.98, 1.00, 0, 0.200
7.59, 61.13, 97.17, 47.93, 1.00, 0, 0.200
7.60, 61.26, 97.31, 47.87, 1.00, 0, 0.201
7.61, 61.38, 97.45, 47.82, 1.00, 0, 0.201
7.62, 61.51, 97.60, 47.77, 1.00, 0, 0.201
7.63, 61.63, 97.74, 47.72, 1.00, 0, 0.201
7.64, 61.76, 97.88, 47.66, 1.00, 0, 0.201
7.65, 61.88, 98.02, 47.61, 1.00, 0, 0.201
7.66, 62.01, 98.16, 47.56, 1.00, 0, 0.202
7.67, 62.13, 98.30, 47.51, 1.00, 0, 0.202
7.68, 62.26, 98.44, 47.46, 1.00, 0, 0.202
7.69, 62.38, 98.57, 47.41, 1.00, 0, 0.202
7.70, 62.51, 98.71, 47.36, 1.00, 0, 0.202
7.71, 62.63, 98.85, 47.31, 1.00, 0, 0.203
7.72, 62.76, 98.99, 47.26, 1.00, 0, 0.203
7.73, 62.88, 99.12, 47.21, 1.00, 0, 0.203
7.74, 63.00, 99.26, 47.16, 1.00, 0, 0.203
7.75, 63.13, 99.40, 47.11, 1.00, 0, 0.204
7.76, 63.25, 99.53, 47.07, 1.00, 0, 0.204
7.77, 63.38, 99.67, 47.02, 1.00, 0, 0.204
7.78, 63.50, 99.80, 46.97, 1.00, 0, 0.205
7.79, 63.62, 99.94, 46.92, 1.00, 0, 0.205
7.80, 63.75, 100.07, 46.87, 1.00, 0, 0.205
7.81, 63.87, 100.21, 46.83, 1.00, 0, 0.206
7.82, 63.99, 100.34, 46.78, 1.00, 0, 0.206
7.83, 64.12, 100.47, 46.73, 1.00, 0, 0.206
7.84, 64.24, 100.61, 46.69, 1.00, 0, 0.207
7.85, 64.36, 100.74, 46.64, 1.00, 0, 0.207
7.86, 64.49, 100.87, 46.59, 1.00, 0, 0.208
7.87, 64.61, 101.00, 46.55, 1.00, 0, 0.208
7.88, 64.73, 101.14, 46.50, 1.00, 0, 0.209
7.89, 64.85, 101.27, 46.46, 1.00, 0, 0.209
7.90, 64.97, 101.40, 46.41, 1.00, 0, 0.209
7.91, 65.10, 101.53, 46.36, 1.00, 0, 0.210
7.92, 65.22, 101.66, 46.32, 1.00, 0, 0.210
7.93, 65.34, 101.79, 46.27, 1.00, 0, 0.211
7.94, 65.46, 101.92, 46.23, 1.00, 0, 0.211
7.95, 65.58, 102.05, 46.18, 1.00, 0, 0.212
7.96, 65.70, 102.18, 46.14, 1.00, 0, 0.212
7.97, 65.82, 102.30, 46.09, 1.00, 0, 0.213
7.98, 65.94, 102.43, 46.05, 1.00, 0, 0.214
7.99, 66.06, 102.56, 46.01, 1.00, 0, 0.214
8.00, 66.18, 102.69, 45.96, 1.00, 0, 0.215
8.01, 66.30, 102.81, 45.92, 1.00, 0, 0.215
8.02, 66.42, 102.94, 45.87, 1.00, 0, 0.216
8.03, 66.54, 103.07, 45.83, 1.00, 0, 0.216
8.04, 66.66, 103.19, 45.79, 1.00, 0, 0.217
8.05, 66.77, 103.32, 45.74, 1.00, 0, 0.218
8.06, 66.89, 103.44, 45.70, 1.00, 0, 0.218
8.07, 67.01, 103.57, 45.65, 1.00, 0, 0.219
8.08, 67.13, 103.69, 45.61, 1.00, 0, 0.220
8.09, 67.25, 103.82, 45.57, 1.00, 0, 0.220
8.10, 67.36, 103.94, 45.52, 1.00, 0, 0.221
8.11, 67.48, 104.06, 45.48, 1.00, 0, 0.222
8.12, 67.60, 104.19, 45.44, 1.00, 0, 0.222
8.13, 67.71, 104.31, 45.39, 1.00, 0, 0.223
8.14, 67.83, 104.43, 45.35, 1.00, 0, 0.224
8.15, 67.94, 104.55, 45.31, 1.00, 0, 0.225
8.16, 68.06, 104.68, 45.26, 1.00, 0, 0.225
8.17, 68.17, 104.80, 45.22, 1.00, 0, 0.226
8.18, 68.29, 104.92, 45.18, 1.00, 0, 0.227
8.19, 68.40, 105.04, 45.13, 1.00, 0, 0.228
8.20, 68.52, 105.16, 45.09, 1.00, 0, 0.229
8.21, 68.63, 105.28, 45.04, 1.00, 0, 0.229
8.22, 68.74, 105.40, 45.00, 1.00, 0, 0.230
8.23, 68.86, 105.52, 44.96, 1.00, 0, 0.231
8.24, 68.97, 105.64, 44.91, 1.00, 0, 0.232
8.25, 69.08, 105.76, 44.87, 1.00, 0, 0.233
8.26, 69.19, 105.87, 44.83, 1.00, 0, 0.234
8.27, 69.30, 105.99, 44.78, 1.00, 0, 0.234
8.28, 69.41, 106.11, 44.74, 1.00, 0, 0.235
8.29, 69.52, 106.23, 44.70, 1.00, 0, 0.236
8.30, 69.64, 106.34, 44.65, 1.00, 0, 0.237
8.31, 69.74, 106.46, 44.61, 1.00, 0, 0.238
8.32, 69.85, 106.58, 44.57, 1.00, 0, 0.239
8.33, 69.96, 106.69, 44.52, 1.00, 0, 0.240
8.34, 70.07, 106.81, 44.48, 1.00, 0, 0.241
8.35, 70.18, 106.92, 44.43, 1.00, 0, 0.242
8.36, 70.29, 107.04, 44.39, 1.00, 0, 0.243
8.37, 70.40, 107.15, 44.35, 1.00, 0, 0.244
8.38, 70.50, 107.27, 44.30, 1.00, 0, 0.245
8.39, 70.61, 107.38, 44.26, 1.00, 0, 0.246
8.40, 70.72, 107.50, 44.21, 1.00, 0, 0.247
8.41, 70.82, 107.61, 44.17, 1.00, 0, 0.248
8.42, 70.93, 107.72, 44.12, 1.00, 0, 0.249
8.43, 71.03, 107.84, 44.08, 1.00, 0, 0.250
8.44, 71.14, 107.95, 44.03, 1.00, 0, 0.251
8.45, 71.24, 108.06, 43.99, 1.00, 0, 0.252
8.46, 71.35, 108.17, 43.94, 1.00, 0, 0.253
8.47, 71.45, 108.28, 43.90, 1.00, 0, 0.254
8.48, 71.55, 108.39, 43.85, 1.00, 0, 0.255
8.49, 71.65, 108.50, 43.81, 1.00, 0, 0.256
8.50, 71.76, 108.61, 43.76, 1.00, 0, 0.257
8.51, 71.86, 108.72, 43.72, 1.00, 0, 0.258
8.52, 71.96, 108.83, 43.67, 1.00, 0, 0.260
8.53, 72.06, 108.94, 43.63, 1.00, 0, 0.261
8.54, 72.16, 109.05, 43.58, 1.00, 0, 0.262
8.55, 72.26, 109.16, 43.53, 1.00, 0, 0.263
8.56, 72.36, 109.27, 43.49, 1.00, 0, 0.264
8.57, 72.46, 109.38, 43.44, 1.00, 0, 0.265
8.58, 72.55, 109.49, 43.39, 1.00, 0, 0.266
8.59, 72.65, 109.59, 43.35, 1.00, 0, 0.268
8.60, 72.75, 109.70, 43.30, 1.00, 0, 0.269
8.61, 72.84, 109.81, 43.25, 1.00, 0, 0.270
8.62, 72.94, 109.91, 43.21, 1.00, 0, 0.271
8.63, 73.04, 110.02, 43.16, 1.00, 0, 0.272
8.64, 73.13, 110.12, 43.11, 1.00, 0, 0.274
8.65, 73.23, 110.23, 43.06, 1.00, 0, 0.275
8.66, 73.32, 110.33, 43.01, 1.00, 0, 0.276
8.67, 73.41, 110.44, 42.97, 1.00, 0, 0.277
8.68, 73.51, 110.54, 42.92, 1.00, 0, 0.279
8.69, 73.60, 110.65, 42.87, 1.00, 0, 0.280
8.70, 73.69, 110.75, 42.82, 1.00, 0, 0.281
8.71, 73.78, 110.85, 42.77, 1.00, 0, 0.283
8.72, 73.87, 110.96, 42.72, 1.00, 0, 0.284
8.73, 73.96, 111.06, 42.67, 1.00, 0, 0.285
8.74, 74.05, 111.16, 42.62, 1.00, 0, 0.287
8.75, 74.14, 111.26, 42.57, 1.00, 0, 0.288
8.76, 74.23, 111.36, 42.52, 1.00, 0, 0.289
8.77, 74.32, 111.46, 42.47, 1.00, 0, 0.291
8.78, 74.41, 111.56, 42.42, 1.00, 0, 0.292
8.79, 74.49, 111.66, 42.37, 1.00, 0, 0.293
8.80, 74.58, 111.76, 42.32, 1.00, 0, 0.295
8.81, 74.67, 111.86, 42.27, 1.00, 0, 0.296
8.82, 74.75, 111.96, 42.22, 1.00, 0, 0.297
8.83, 74.83, 112.06, 42.16, 1.00, 0, 0.299
8.84, 74.92, 112.16, 42.11, 1.00, 0, 0.300
8.85, 75.00, 112.26, 42.06, 1.00, 0, 0.302
8.86, 75.08, 112.36, 42.01, 1.00, 0, 0.303
8.87, 75.17, 112.45, 41.96, 1.00, 0, 0.304
8.88, 75.25, 112.55, 41.90, 1.00, 0, 0.306
8.89, 75.33, 112.65, 41.85, 1.00, 0, 0.307
8.90, 75.41, 112.74, 41.80, 1.00, 0, 0.309
8.91, 75.49, 112.84, 41.74, 1.00, 0, 0.310
8.92, 75.57, 112.94, 41.69, 1.00, 0, 0.312
8.93, 75.65, 113.03, 41.63, 1.00, 0, 0.313
8.94, 75.73, 113.13, 41.58, 1.00, 0, 0.315
8.95, 75.80, 113.22, 41.52, 1.00, 0, 0.316
8.96, 75.88, 113.31, 41.47, 1.00, 0, 0.318
8.97, 75.96, 113.41, 41.41, 1.00, 0, 0.319
8.98, 76.03, 113.50, 41.36, 1.00, 0, 0.321
8.99, 76.11, 113.59, 41.30, 1.00, 0, 0.322
9.00, 76.18, 113.69, 41.25, 1.00, 0, 0.324
9.01, 76.25, 113.78, 41.19, 1.00, 0, 0.325
9.02, 76.33, 113.87, 41.13, 1.00, 0, 0.327
9.03, 76.40, 113.96, 41.08, 1.00, 0, 0.328
9.04, 76.47, 114.05, 41.02, 1.00, 0, 0.330
9.05, 76.54, 114.14, 40.96, 1.00, 0, 0.331
9.06, 76.61, 114.24, 40.90, 1.00, 0, 0.333
9.07, 76.68, 114.33, 40.84, 1.00, 0, 0.335
9.08, 76.75, 114.41, 40.79, 1.00, 0, 0.336
9.09, 76.82, 114.50, 40.73, 1.00, 0, 0.338
9.10, 76.89, 114.59, 40.67, 1.00, 0, 0.339
9.11, 76.95, 114.68, 40.61, 1.00, 0, 0.341
9.12, 77.02, 114.77, 40.55, 1.00, 0, 0.342
9.13, 77.09, 114.86, 40.49, 1.00, 0, 0.344
9.14, 77.15, 114.94, 40.43, 1.00, 0, 0.346
9.15, 77.21, 115.03, 40.37, 1.00, 0, 0.347
9.16, 77.28, 115.12, 40.31, 1.00, 0, 0.349
9.17, 77.34, 115.20, 40.24, 1.00, 0, 0.351
9.18, 77.40, 115.29, 40.18, 1.00, 0, 0.352
9.19, 77.47, 115.37, 40.12, 1.00, 0, 0.354
9.20, 77.53, 115.46, 40.06, 1.00, 0, 0.355
9.21, 77.59, 115.54, 40.00, 1.00, 0, 0.357
9.22, 77.65, 115.63, 39.93, 1.00, 0, 0.359
9.23, 77.70, 115.71, 39.87, 1.00, 0, 0.360
9.24, 77.76, 115.80, 39.81, 1.00, 0, 0.362
9.25, 77.82, 115.88, 39.74, 1.00, 0, 0.364
9.26, 77.88, 115.96, 39.68, 1.00, 0, 0.365
9.27, 77.93, 116.04, 39.61, 1.00, 0, 0.367
9.28, 77.99, 116.12, 39.55, 1.00, 0, 0.369
9.29, 78.04, 116.21, 39.48, 1.00, 0, 0.371
9.30, 78.10, 116.29, 39.42, 1.00, 0, 0.372
9.31, 78.15, 116.37, 39.35, 1.00, 0, 0.374
9.32, 78.20, 116.45, 39.29, 1.00, 0, 0.376
9.33, 78.25, 116.53, 39.22, 1.00, 0, 0.377
9.34, 78.30, 116.61, 39.15, 1.00, 0, 0.379
9.35, 78.36, 116.69, 39.09, 1.00, 0, 0.381
9.36, 78.40, 116.76, 39.02, 1.00, 0, 0.383
9.37, 78.45, 116.84, 38.95, 1.00, 0, 0.384
9.38, 78.50, 116.92, 38.88, 1.00, 0, 0.386
9.39, 78.55, 117.00, 38.81, 1.00, 0, 0.388
9.40, 78.60, 117.07, 38.74, 1.00, 0, 0.390
9.41, 78.64, 117.15, 38.67, 1.00, 0, 0.391
9.42, 78.69, 117.23, 38.61, 1.00, 0, 0.393
9.43, 78.73, 117.30, 38.54, 1.00, 0, 0.395
9.44, 78.77, 117.38, 38.47, 1.00, 0, 0.397
9.45, 78.82, 117.45, 38.39, 1.00, 0, 0.398
9.46, 78.86, 117.52, 38.32, 1.00, 0, 0.400
9.47, 78.90, 117.60, 38.25, 1.00, 0, 0.402
9.48, 78.94, 117.67, 38.18, 1.00, 0, 0.404
9.49, 78.98, 117.74, 38.11, 1.00, 0, 0.406
9.50, 79.02, 117.82, 38.04, 1.00, 0, 0.407
9.51, 79.06, 117.89, 37.96, 1.00, 0, 0.409
9.52, 79.10, 117.96, 37.89, 1.00, 0, 0.411
9.53, 79.13, 118.03, 37.82, 1.00, 0, 0.413
9.54, 79.17, 118.10, 37.74, 1.00, 0, 0.414
9.55, 79.21, 118.17, 37.67, 1.00, 0, 0.416
9.56, 79.24, 118.24, 37.59, 1.00, 0, 0.418
9.57, 79.27, 118.31, 37.52, 1.00, 0, 0.420
9.58, 79.31, 118.38, 37.44, 1.00, 0, 0.422
9.59, 79.34, 118.45, 37.37, 1.00, 0, 0.424
9.60, 79.37, 118.52, 37.29, 1.00, 0, 0.425
9.61, 79.40, 118.58, 37.22, 1.00, 0, 0.427
9.62, 79.43, 118.65, 37.14, 1.00, 0, 0.429
9.63, 79.46, 118.72, 37.06, 1.00, 0, 0.431
9.64, 79.49, 118.78, 36.99, 1.00, 0, 0.433
9.65, 79.52, 118.85, 36.91, 1.00, 0, 0.435
9.66, 79.55, 118.92, 36.83, 1.00, 0, 0.436
9.67, 79.57, 118.98, 36.75, 1.00, 0, 0.438
9.68, 79.60, 119.04, 36.67, 1.00, 0, 0.440
9.69, 79.62, 119.11, 36.59, 1.00, 0, 0.442
9.70, 79.65, 119.17, 36.51, 1.00, 0, 0.444
9.71, 79.67, 119.24, 36.43, 1.00, 0, 0.446
9.72, 79.69, 119.30, 36.35, 1.00, 0, 0.447
9.73, 79.71, 119.36, 36.27, 1.00, 0, 0.449
9.74, 79.73, 119.42, 36.19, 1.00, 0, 0.451
9.75, 79.75, 119.48, 36.11, 1.00, 0, 0.453
9.76, 79.77, 119.54, 36.03, 1.00, 0, 0.455
9.77, 79.79, 119.60, 35.95, 1.00, 0, 0.457
9.78, 79.81, 119.66, 35.87, 1.00, 0, 0.459
9.79, 79.83, 119.72, 35.78, 1.00, 0, 0.461
9.80, 79.84, 119.78, 35.70, 1.00, 0, 0.462
9.81, 79.86, 119.84, 35.62, 1.00, 0, 0.464
9.82, 79.87, 119.90, 35.53, 1.00, 0, 0.466
9.83, 79.89, 119.95, 35.45, 1.00, 0, 0.468
9.84, 79.90, 120.01, 35.36, 1.00, 0, 0.470
9.85, 79.91, 120.07, 35.28, 1.00, 0, 0.472
9.86, 79.92, 120.12, 35.19, 1.00, 0, 0.474
9.87, 79.93, 120.18, 35.11, 1.00, 0, 0.476
9.88, 79.94, 120.23, 35.02, 1.00, 0, 0.477
9.89, 79.95, 120.29, 34.94, 1.00, 0, 0.479
9.90, 79.96, 120.34, 34.85, 1.00, 0, 0.481
9.91, 79.97, 120.40, 34.76, 1.00, 0, 0.483
9.92, 79.97, 120.45, 34.68, 1.00, 0, 0.485
9.93, 79.98, 120.50, 34.59, 1.00, 0, 0.487
9.94, 79.99, 120.55, 34.50, 1.00, 0, 0.489
9.95, 79.99, 120.60, 34.41, 1.00, 0, 0.491
9.96, 79.99, 120.66, 34.32, 1.00, 0, 0.492
9.97, 80.00, 120.71, 34.24, 1.00, 0, 0.494
9.98, 80.00, 120.76, 34.15, 1.00, 0, 0.496
9.99, 80.00, 120.81, 34.06, 1.00, 0, 0.498
10.00, 80.00, 120.86, 33.97, 1.00, 0, 0.500
10.01, 80.00, 120.90, 33.88, 1.00, 0, 0.502
10.02, 80.00, 120.95, 33.79, 1.00, 0, 0.504
10.03, 80.00, 121.00, 33.70, 1.00, 0, 0.506
10.04, 79.99, 121.05, 33.60, 1.00, 0, 0.508
10.05, 79.99, 121.09, 33.51, 1.00, 0, 0.509
10.06, 79.99, 121.14, 33.42, 1.00, 0, 0.511
10.07, 79.98, 121.18, 33.33, 1.00, 0, 0.513
10.08, 79.97, 121.23, 33.24, 1.00, 0, 0.515
10.09, 79.97, 121.27, 33.14, 1.00, 0, 0.517
10.10, 79.96, 121.32, 33.05, 1.00, 0, 0.519
10.11, 79.95, 121.36, 32.96, 1.00, 0, 0.521
10.12, 79.94, 121.40, 32.86, 1.00, 0, 0.523
10.13, 79.93, 121.45, 32.77, 1.00, 0, 0.524
10.14, 79.92, 121.49, 32.67, 1.00, 0, 0.526
10.15, 79.91, 121.53, 32.58, 1.00, 0, 0.528
10.16, 79.90, 121.57, 32.48, 1.00, 0, 0.530
10.17, 79.89, 121.61, 32.39, 1.00, 0, 0.532
10.18, 79.87, 121.65, 32.29, 1.00, 0, 0.534
10.19, 79.86, 121.69, 32.19, 1.00, 0, 0.536
10.20, 79.84, 121.73, 32.10, 1.00, 0, 0.538
10.21, 79.83, 121.77, 32.00, 1.00, 0, 0.539
10.22, 79.81, 121.80, 31.90, 1.00, 0, 0.541
10.23, 79.79, 121.84, 31.81, 1.00, 0, 0.543
10.24, 79.77, 121.88, 31.71, 1.00, 0, 0.545
10.25, 79.75, 121.92, 31.61, 1.00, 0, 0.547
10.26, 79.73, 121.95, 31.51, 1.00, 0, 0.549
10.27, 79.71, 120.83, -200.00, 3.00, 1, 0.551
10.28, 79.69, 119.71, -200.00, 3.00, 1, 0.553
10.29, 79.67, 118.59, -198.73, 3.00, 1, 0.554
10.30, 79.65, 117.51, -194.01, 3.00, 1, 0.556
10.31, 79.62, 116.44, -190.09, 3.00, 1, 0.558
10.32, 79.60, 115.39, -186.67, 3.00, 1, 0.560
10.33, 79.57, 114.36, -183.55, 3.00, 1, 0.562
10.34, 79.55, 113.34, -180.64, 3.00, 1, 0.564
10.35, 79.52, 112.33, -177.86, 3.00, 1, 0.565
10.36, 79.49, 111.35, -175.17, 3.00, 1, 0.567
10.37, 79.46, 110.37, -172.55, 3.00, 1, 0.569
10.38, 79.43, 109.41, -170.00, 3.00, 1, 0.571
10.39, 79.40, 108.47, -167.49, 3.00, 1, 0.573
10.40, 79.37, 107.53, -165.02, 3.00, 1, 0.575
10.41, 79.34, 106.61, -162.59, 3.00, 1, 0.576
10.42, 79.31, 105.70, -160.20, 3.00, 1, 0.578
10.43, 79.27, 104.81, -157.85, 3.00, 1, 0.580
10.44, 79.24, 103.93, -155.53, 3.00, 1, 0.582
10.45, 79.21, 103.06, -153.24, 3.00, 1, 0.584
10.46, 79.17, 102.20, -150.99, 3.00, 1, 0.586
10.47, 79.13, 101.35, -148.77, 3.00, 1, 0.587
10.48, 79.10, 100.52, -146.59, 3.00, 1, 0.589
10.49, 79.06, 99.70, -144.43, 3.00, 1, 0.591
10.50, 79.02, 98.88, -142.31, 3.00, 1, 0.593
10.51, 78.98, 98.08, -140.22, 3.00, 1, 0.594
10.52, 78.94, 97.30, -138.16, 3.00, 1, 0.596
10.53, 78.90, 96.52, -136.12, 3.00, 1, 0.598
10.54, 78.86, 95.75, -134.12, 3.00, 1, 0.600
10.55, 78.82, 94.99, -132.15, 3.00, 1, 0.602
10.56, 78.77, 94.25, -130.21, 3.00, 1, 0.603
10.57, 78.73, 93.51, -128.29, 3.00, 1, 0.605
10.58, 78.69, 92.79, -126.41, 3.00, 1, 0.607
10.59, 78.64, 92.07, -124.55, 3.00, 1, 0.609
10.60, 78.60, 91.37, -122.72, 3.00, 1, 0.610
10.61, 78.55, 90.67, -120.91, 3.00, 1, 0.612
10.62, 78.50, 89.98, -119.13, 3.00, 1, 0.614
10.63, 78.45, 89.31, -117.38, 3.00, 1, 0.616
10.64, 78.40, 88.64, -115.66, 3.00, 1, 0.617
10.65, 78.36, 87.98, -113.96, 3.00, 1, 0.619
10.66, 78.30, 87.33, -112.28, 3.00, 1, 0.621
10.67, 78.25, 86.69, -110.63, 3.00, 1, 0.623
10.68, 78.20, 86.06, -109.01, 3.00, 1, 0.624
10.69, 78.15, 85.44, -107.40, 3.00, 1, 0.626
10.70, 78.10, 84.82, -105.83, 3.00, 1, 0.628
10.71, 78.04, 84.21, -104.27, 3.00, 1, 0.629
10.72, 77.99, 83.62, -102.74, 3.00, 1, 0.631
10.73, 77.93, 83.03, -101.23, 3.00, 1, 0.633
10.74, 77.88, 82.45, -99.75, 3.00, 1, 0.635
10.75, 77.82, 81.87, -98.29, 3.00, 1, 0.636
10.76, 77.76, 81.31, -96.85, 3.00, 1, 0.638
10.77, 77.70, 80.75, -95.43, 3.00, 1, 0.640
10.78, 77.65, 80.20, -94.03, 3.00, 1, 0.641
10.79, 77.59, 79.65, -92.65, 3.00, 1, 0.643
10.80, 77.53, 79.12, -91.30, 3.00, 1, 0.645
10.81, 77.47, 78.59, -89.96, 3.00, 1, 0.646
10.82, 77.40, 78.07, -88.64, 3.00, 1, 0.648
10.83, 77.34, 77.55, -87.35, 3.00, 1, 0.649
10.84, 77.28, 77.04, -86.07, 3.00, 1, 0.651
10.85, 77.21, 76.54, -84.82, 3.00, 1, 0.653
10.86, 77.15, 76.05, -83.58, 3.00, 1, 0.654
10.87, 77.09, 75.56, -82.36, 3.00, 1, 0.656
10.88, 77.02, 75.08, -81.16, 3.00, 1, 0.658
10.89, 76.95, 74.60, -79.98, 3.00, 1, 0.659
10.90, 76.89, 74.13, -78.82, 3.00, 1, 0.661
10.91, 76.82, 73.67, -77.67, 3.00, 1, 0.662
10.92, 76.75, 73.22, -76.55, 3.00, 1, 0.664
10.93, 76.68, 72.76, -75.43, 3.00, 1, 0.665
10.94, 76.61, 72.32, -74.34, 3.00, 1, 0.667
10.95, 76.54, 71.88, -73.27, 3.00, 1, 0.669
10.96, 76.47, 71.45, -72.21, 3.00, 1, 0.670
10.97, 76.40, 71.02, -71.16, 3.00, 1, 0.672
10.98, 76.33, 70.60, -70.14, 3.00, 1, 0.673
10.99, 76.25, 70.18, -69.12, 3.00, 1, 0.675
11.00, 76.18, 69.77, -68.13, 3.00, 1, 0.676
11.01, 76.11, 69.37, -67.15, 3.00, 1, 0.678
11.02, 76.03, 68.97, -66.18, 3.00, 1, 0.679
11.03, 75.96, 68.57, -65.23, 3.00, 1, 0.681
11.04, 75.88, 68.18, -64.30, 3.00, 1, 0.682
11.05, 75.80, 67.80, -63.38, 3.00, 1, 0.684
11.06, 75.73, 67.42, -62.47, 3.00, 1, 0.685
11.07, 75.65, 67.04, -61.58, 3.00, 1, 0.687
11.08, 75.57, 66.67, -60.71, 3.00, 1, 0.688
11.09, 75.49, 66.30, -59.84, 3.00, 1, 0.690
11.10, 75.41, 65.94, -58.99, 3.00, 1, 0.691
11.11, 75.33, 65.59, -58.16, 3.00, 1, 0.693
11.12, 75.25, 65.23, -57.33, 3.00, 1, 0.694
11.13, 75.17, 64.89, -56.53, 3.00, 1, 0.696
11.14, 75.09, 64.54, -55.73, 3.00, 1, 0.697
11.15, 75.00, 64.20, -54.94, 3.00, 1, 0.698
11.16, 74.92, 63.87, -54.17, 3.00, 1, 0.700
11.17, 74.83, 63.54, -53.41, 3.00, 1, 0.701
11.18, 74.75, 63.21, -52.67, 3.00, 1, 0.703
11.19, 74.67, 62.89, -51.93, 3.00, 1, 0.704
11.20, 74.58, 62.57, -51.21, 3.00, 1, 0.705
11.21, 74.49, 62.25, -50.50, 3.00, 1, 0.707
11.22, 74.41, 61.94, -49.80, 3.00, 1, 0.708
11.23, 74.32, 61.64, -49.11, 3.00, 1, 0.709
11.24, 74.23, 61.33, -48.43, 3.00, 1, 0.711
11.25, 74.14, 61.03, -47.77, 3.00, 1, 0.712
11.26, 74.05, 60.73, -47.11, 3.00, 1, 0.713
11.27, 73.96, 60.44, -46.47, 3.00, 1, 0.715
11.28, 73.87, 60.15, -45.83, 3.00, 1, 0.716
11.29, 73.78, 59.87, -45.21, 3.00, 1, 0.717
11.30, 73.69, 59.58, -44.60, 3.00, 1, 0.719
11.31, 73.60, 59.30, -43.99, 3.00, 1, 0.720
11.32, 73.51, 59.03, -43.40, 3.00, 1, 0.721
11.33, 73.41, 58.75, -42.82, 3.00, 1, 0.723
11.34, 73.32, 58.48, -42.24, 3.00, 1, 0.724
11.35, 73.23, 58.22, -41.68, 3.00, 1, 0.725
11.36, 73.13, 57.95, -41.12, 3.00, 1, 0.726
11.37, 73.04, 57.69, -40.58, 3.00, 1, 0.728
11.38, 72.94, 57.43, -40.04, 3.00, 1, 0.729
11.39, 72.85, 57.18, -39.52, 3.00, 1, 0.730
11.40, 72.75, 56.93, -39.00, 3.00, 1, 0.731
11.41, 72.65, 56.68, -38.49, 3.00, 1, 0.732
11.42, 72.55, 56.43, -37.99, 3.00, 1, 0.734
11.43, 72.46, 56.19, -37.49, 3.00, 1, 0.735
11.44, 72.36, 55.95, -37.01, 3.00, 1, 0.736
11.45, 72.26, 55.71, -36.53, 3.00, 1, 0.737
11.46, 72.16, 55.47, -36.07, 3.00, 1, 0.738
11.47, 72.06, 55.24, -35.61, 3.00, 1, 0.739
11.48, 71.96, 55.01, -35.16, 3.00, 1, 0.740
11.49, 71.86, 54.78, -34.71, 3.00, 1, 0.742
11.50, 71.76, 54.55, -34.27, 3.00, 1, 0.743
11.51, 71.65, 54.33, -33.85, 3.00, 1, 0.744
11.52, 71.55, 54.11, -33.42, 3.00, 1, 0.745
11.53, 71.45, 53.89, -33.01, 3.00, 1, 0.746
11.54, 71.35, 53.67, -32.60, 3.00, 1, 0.747
11.55, 71.24, 53.46, -32.20, 3.00, 1, 0.748
11.56, 71.14, 53.24, -31.81, 3.00, 1, 0.749
11.57, 71.03, 53.03, -31.43, 3.00, 1, 0.750
11.58, 70.93, 52.83, -31.05, 3.00, 1, 0.751
11.59, 70.82, 52.62, -30.67, 3.00, 1, 0.752
11.60, 70.72, 52.42, -30.31, 3.00, 1, 0.753
11.61, 70.61, 52.21, -29.95, 3.00, 1, 0.754
11.62, 70.50, 52.01, -29.60, 3.00, 1, 0.755
11.63, 70.40, 51.81, -29.25, 3.00, 1, 0.756
11.64, 70.29, 51.62, -28.91, 3.00, 1, 0.757
11.65, 70.18, 51.42, -28.57, 3.00, 1, 0.758
11.66, 70.07, 51.23, -28.25, 3.00, 1, 0.759
11.67, 69.96, 51.04, -27.92, 3.00, 1, 0.760
11.68, 69.85, 50.85, -27.61, 3.00, 1, 0.761
11.69, 69.75, 50.66, -27.30, 3.00, 1, 0.762
11.70, 69.64, 50.48, -26.99, 3.00, 1, 0.763
11.71, 69.52, 50.29, -26.69, 3.00, 1, 0.764
11.72, 69.41, 50.11, -26.40, 3.00, 1, 0.765
11.73, 69.30, 49.93, -26.11, 3.00, 1, 0.766
11.74, 69.19, 49.75, -25.82, 3.00, 1, 0.766
11.75, 69.08, 49.57, -25.55, 3.00, 1, 0.767
11.76, 68.97, 49.40, -25.27, 3.00, 1, 0.768
11.77, 68.86, 49.22, -25.01, 3.00, 1, 0.769
11.78, 68.74, 49.05, -24.74, 3.00, 1, 0.770
11.79, 68.63, 48.88, -24.48, 3.00, 1, 0.771
11.80, 68.52, 48.71, -24.23, 3.00, 1, 0.771
11.81, 68.40, 48.54, -23.98, 3.00, 1, 0.772
11.82, 68.29, 48.37, -23.74, 3.00, 1, 0.773
11.83, 68.17, 48.21, -23.50, 3.00, 1, 0.774
11.84, 68.06, 48.04, -23.26, 3.00, 1, 0.775
11.85, 67.94, 47.88, -23.03, 3.00, 1, 0.775
11.86, 67.83, 47.72, -22.81, 3.00, 1, 0.776
11.87, 67.71, 47.56, -22.58, 3.00, 1, 0.777
11.88, 67.60, 47.40, -22.37, 3.00, 1, 0.778
11.89, 67.48, 47.24, -22.15, 3.00, 1, 0.778
11.90, 67.36, 47.08, -21.94, 3.00, 1, 0.779
11.91, 67.25, 46.93, -21.74, 3.00, 1, 0.780
11.92, 67.13, 46.77, -21.54, 3.00, 1, 0.780
11.93, 67.01, 46.62, -21.34, 3.00, 1, 0.781
11.94, 66.89, 46.47, -21.15, 3.00, 1, 0.782
11.95, 66.77, 46.32, -20.96, 3.00, 1, 0.782
11.96, 66.66, 46.17, -20.77, 3.00, 1, 0.783
11.97, 66.54, 46.02, -20.59, 3.00, 1, 0.784
11.98, 66.42, 45.87, -20.41, 3.00, 1, 0.784
11.99, 66.30, 45.72, -20.23, 3.00, 1, 0.785
12.00, 66.18, 45.58, -20.06, 3.00, 1, 0.785
12.01, 66.06, 45.43, -19.89, 3.00, 1, 0.786
12.02, 65.94, 45.29, -19.73, 3.00, 1, 0.786
12.03, 65.82, 45.14, -19.56, 3.00, 1, 0.787
12.04, 65.70, 45.00, -19.41, 3.00, 1, 0.788
12.05, 65.58, 44.86, -19.25, 3.00, 1, 0.788
12.06, 65.46, 44.72, -19.10, 3.00, 1, 0.789
12.07, 65.34, 44.58, -18.95, 3.00, 1, 0.789
12.08, 65.22, 44.44, -18.80, 3.00, 1, 0.790
12.09, 65.10, 44.30, -18.66, 3.00, 1, 0.790
12.10, 64.97, 44.17, -18.52, 3.00, 1, 0.791
12.11, 64.85, 44.03, -18.38, 3.00, 1, 0.791
12.12, 64.73, 43.90, -18.24, 3.00, 1, 0.791
12.13, 64.61, 43.76, -18.11, 3.00, 1, 0.792
12.14, 64.49, 43.63, -17.98, 3.00, 1, 0.792
12.15, 64.36, 43.49, -17.85, 3.00, 1, 0.793
12.16, 64.24, 43.36, -17.73, 3.00, 1, 0.793
12.17, 64.12, 43.23, -17.61, 3.00, 1, 0.794
12.18, 63.99, 43.10, -17.49, 3.00, 1, 0.794
12.19, 63.87, 42.97, -17.37, 3.00, 1, 0.794
12.20, 63.75, 42.84, -17.26, 3.00, 1, 0.795
12.21, 63.62, 42.71, -17.14, 3.00, 1, 0.795
12.22, 63.50, 42.58, -17.03, 3.00, 1, 0.795
12.23, 63.38, 42.46, -16.93, 3.00, 1, 0.796
12.24, 63.25, 42.33, -16.82, 3.00, 1, 0.796
12.25, 63.13, 42.20, -16.72, 3.00, 1, 0.796
12.26, 63.00, 42.08, -16.62, 3.00, 1, 0.797
12.27, 62.88, 41.96, -16.52, 3.00, 1, 0.797
12.28, 62.76, 41.83, -16.42, 3.00, 1, 0.797
12.29, 62.63, 41.71, -16.32, 3.00, 1, 0.797
12.30, 62.51, 41.58, -16.23, 3.00, 1, 0.798
12.31, 62.38, 41.46, -16.14, 3.00, 1, 0.798
12.32, 62.26, 41.34, -16.05, 3.00, 1, 0.798
12.33, 62.13, 41.22, -15.96, 3.00, 1, 0.798
12.34, 62.01, 41.10, -15.88, 3.00, 1, 0.798
12.35, 61.88, 40.98, -15.79, 3.00, 1, 0.799
12.36, 61.76, 40.86, -15.71, 3.00, 1, 0.799
12.37, 61.63, 40.74, -15.63, 3.00, 1, 0.799
12.38, 61.51, 40.62, -15.55, 3.00, 1, 0.799
12.39, 61.38, 40.50, -15.47, 3.00, 1, 0.799
12.40, 61.26, 40.39, -15.40, 3.00, 1, 0.799
12.41, 61.13, 40.27, -15.32, 3.00, 1, 0.800
12.42, 61.01, 40.15, -15.25, 3.00, 1, 0.800
12.43, 60.88, 40.04, -15.18, 3.00, 1, 0.800
12.44, 60.75, 39.92, -15.11, 3.00, 1, 0.800
12.45, 60.63, 39.81, -15.04, 3.00, 1, 0.800
12.46, 60.50, 39.69, -14.98, 3.00, 1, 0.800
12.47, 60.38, 39.58, -14.91, 3.00, 1, 0.800
12.48, 60.25, 39.46, -14.85, 3.00, 1, 0.800
12.49, 60.13, 39.35, -14.78, 3.00, 1, 0.800
12.50, 60.00, 39.24, -14.72, 3.00, 1, 0.800
12.51, 59.87, 39.12, -14.66, 3.00, 1, 0.800
12.52, 59.75, 39.01, -14.60, 3.00, 1, 0.800
12.53, 59.62, 38.90, -14.54, 3.00, 1, 0.800
12.54, 59.50, 38.79, -14.48, 3.00, 1, 0.800
12.55, 59.37, 38.68, -14.43, 3.00, 1, 0.800
12.56, 59.25, 38.57, -14.37, 3.00, 1, 0.800
12.57, 59.12, 38.46, -14.32, 3.00, 1, 0.800
12.58, 59.00, 38.35, -14.27, 3.00, 1, 0.800
12.59, 58.87, 38.24, -14.21, 3.00, 1, 0.800
12.60, 58.74, 38.13, -14.16, 3.00, 1, 0.799
12.61, 58.62, 38.02, -14.11, 3.00, 1, 0.799
12.62, 58.49, 37.91, -14.06, 3.00, 1, 0.799
12.63, 58.37, 37.80, -14.02, 3.00, 1, 0.799
12.64, 58.24, 37.70, -13.97, 3.00, 1, 0.799
12.65, 58.12, 37.59, -13.92, 3.00, 1, 0.799
12.66, 57.99, 37.48, -13.88, 3.00, 1, 0.798
12.67, 57.87, 37.38, -13.83, 3.00, 1, 0.798
12.68, 57.74, 37.27, -13.79, 3.00, 1, 0.798
12.69, 57.62, 37.16, -13.74, 3.00, 1, 0.798
12.70, 57.49, 37.06, -13.70, 3.00, 1, 0.798
12.71, 57.37, 36.95, -13.66, 3.00, 1, 0.797
12.72, 57.24, 36.85, -13.62, 3.00, 1, 0.797
12.73, 57.12, 36.74, -13.57, 3.00, 1, 0.797
12.74, 57.00, 36.64, -13.53, 3.00, 1, 0.797
12.75, 56.87, 36.53, -13.49, 3.00, 1, 0.796
12.76, 56.75, 36.43, -13.45, 3.00, 1, 0.796
12.77, 56.62, 36.33, -13.42, 3.00, 1, 0.796
12.78, 56.50, 36.22, -13.38, 3.00, 1, 0.795
12.79, 56.38, 36.12, -13.34, 3.00, 1, 0.795
12.80, 56.25, 36.02, -13.30, 3.00, 1, 0.795
12.81, 56.13, 35.92, -13.27, 3.00, 1, 0.794
12.82, 56.01, 35.81, -13.23, 3.00, 1, 0.794
12.83, 55.88, 35.71, -13.19, 3.00, 1, 0.794
12.84, 55.76, 35.61, -13.16, 3.00, 1, 0.793
12.85, 55.64, 35.51, -13.12, 3.00, 1, 0.793
12.86, 55.51, 35.41, -13.09, 3.00, 1, 0.792
12.87, 55.39, 35.31, -13.05, 3.00, 1, 0.792
12.88, 55.27, 35.21, -13.02, 3.00, 1, 0.791
12.89, 55.15, 35.11, -12.99, 3.00, 1, 0.791
12.90, 55.03, 35.01, -12.95, 3.00, 1, 0.791
12.91, 54.90, 34.91, -12.92, 3.00, 1, 0.790
12.92, 54.78, 34.81, -12.88, 3.00, 1, 0.790
12.93, 54.66, 34.71, -12.85, 3.00, 1, 0.789
12.94, 54.54, 34.61, -12.82, 3.00, 1, 0.789
12.95, 54.42, 34.51, -12.79, 3.00, 1, 0.788
12.96, 54.30, 34.41, -12.75, 3.00, 1, 0.788
12.97, 54.18, 34.32, -12.72, 3.00, 1, 0.787
12.98, 54.06, 34.22, -12.69, 3.00, 1, 0.786
12.99, 53.94, 34.12, -12.66, 3.00, 1, 0.786
13.00, 53.82, 34.02, -12.63, 3.00, 1, 0.785
13.01, 53.70, 33.93, -12.59, 3.00, 1, 0.785
13.02, 53.58, 33.83, -12.56, 3.00, 1, 0.784
13.03, 53.46, 33.73, -12.53, 3.00, 1, 0.784
13.04, 53.34, 33.64, -12.50, 3.00, 1, 0.783
13.05, 53.23, 33.54, -12.47, 3.00, 1, 0.782
13.06, 53.11, 33.44, -12.44, 3.00, 1, 0.782
13.07, 52.99, 33.35, -12.41, 3.00, 1, 0.781
13.08, 52.87, 33.25, -12.37, 3.00, 1, 0.780
13.09, 52.75, 33.16, -12.34, 3.00, 1, 0.780
13.10, 52.64, 33.06, -12.31, 3.00, 1, 0.779
13.11, 52.52, 32.97, -12.28, 3.00, 1, 0.778
13.12, 52.40, 32.88, -12.25, 3.00, 1, 0.778
13.13, 52.29, 32.78, -12.22, 3.00, 1, 0.777
13.14, 52.17, 32.69, -12.18, 3.00, 1, 0.776
13.15, 52.06, 32.59, -12.15, 3.00, 1, 0.775
13.16, 51.94, 32.50, -12.12, 3.00, 1, 0.775
13.17, 51.83, 32.41, -12.09, 3.00, 1, 0.774
13.18, 51.71, 32.32, -12.05, 3.00, 1, 0.773
13.19, 51.60, 32.22, -12.02, 3.00, 1, 0.772
13.20, 51.48, 32.13, -11.99, 3.00, 1, 0.771
13.21, 51.37, 32.04, -11.96, 3.00, 1, 0.771
13.22, 51.26, 31.95, -11.92, 3.00, 1, 0.770
13.23, 51.14, 31.86, -11.89, 3.00, 1, 0.769
13.24, 51.03, 31.77, -11.86, 3.00, 1, 0.768
13.25, 50.92, 31.67, -11.82, 3.00, 1, 0.767
13.26, 50.81, 31.58, -11.79, 3.00, 1, 0.766
13.27, 50.70, 31.49, -11.76, 3.00, 1, 0.766
13.28, 50.59, 31.40, -11.72, 3.00, 1, 0.765
13.29, 50.48, 31.31, -11.69, 3.00, 1, 0.764
13.30, 50.37, 31.22, -11.65, 3.00, 1, 0.763
13.31, 50.26, 31.13, -11.62, 3.00, 1, 0.762
13.32, 50.15, 31.05, -11.58, 3.00, 1, 0.761
13.33, 50.04, 30.96, -11.54, 3.00, 1, 0.760
13.34, 49.93, 30.87, -11.51, 3.00, 1, 0.759
13.35, 49.82, 30.78, -11.47, 3.00, 1, 0.758
13.36, 49.71, 30.69, -11.44, 3.00, 1, 0.757
13.37, 49.60, 30.60, -11.40, 3.00, 1, 0.756
13.38, 49.50, 30.52, -11.36, 3.00, 1, 0.755
13.39, 49.39, 30.43, -11.32, 3.00, 1, 0.754
13.40, 49.28, 30.34, -11.29, 3.00, 1, 0.753
13.41, 49.18, 30.26, -11.25, 3.00, 1, 0.752
13.42, 49.07, 30.17, -11.21, 3.00, 1, 0.751
13.43, 48.97, 30.08, -11.17, 3.00, 1, 0.750
13.44, 48.86, 30.00, -11.13, 3.00, 1, 0.749
13.45, 48.76, 29.91, -11.09, 3.00, 1, 0.748
13.46, 48.65, 29.83, -11.05, 3.00, 1, 0.747
13.47, 48.55, 29.74, -11.01, 3.00, 1, 0.746
13.48, 48.45, 29.66, -10.97, 3.00, 1, 0.745
13.49, 48.35, 29.57, -10.92, 3.00, 1, 0.744
13.50, 48.24, 29.49, -10.88, 3.00, 1, 0.743
13.51, 48.14, 29.41, -10.84, 3.00, 1, 0.742
13.52, 48.04, 29.32, -10.80, 3.00, 1, 0.740
13.53, 47.94, 29.24, -10.75, 3.00, 1, 0.739
13.54, 47.84, 29.16, -10.71, 3.00, 1, 0.738
13.55, 47.74, 29.07, -10.67, 3.00, 1, 0.737
13.56, 47.64, 28.99, -10.62, 3.00, 1, 0.736
13.57, 47.54, 28.91, -10.58, 3.00, 1, 0.735
13.58, 47.45, 28.83, -10.53, 3.00, 1, 0.734
13.59, 47.35, 28.75, -10.48, 3.00, 1, 0.732
13.60, 47.25, 28.67, -10.44, 3.00, 1, 0.731
13.61, 47.16, 28.59, -10.39, 3.00, 1, 0.730
13.62, 47.06, 28.51, -10.34, 3.00, 1, 0.729
13.63, 46.96, 28.43, -10.29, 3.00, 1, 0.728
13.64, 46.87, 28.35, -10.24, 3.00, 1, 0.726
13.65, 46.77, 28.27, -10.19, 3.00, 1, 0.725
13.66, 46.68, 28.19, -10.14, 3.00, 1, 0.724
13.67, 46.59, 28.11, -10.09, 3.00, 1, 0.723
13.68, 46.49, 28.03, -10.04, 3.00, 1, 0.721
13.69, 46.40, 27.95, -9.99, 3.00, 1, 0.720
13.70, 46.31, 27.88, -9.94, 3.00, 1, 0.719
13.71, 46.22, 27.80, -9.89, 3.00, 1, 0.717
13.72, 46.13, 27.72, -9.83, 3.00, 1, 0.716
13.73, 46.04, 27.64, -9.78, 3.00, 1, 0.715
13.74, 45.95, 27.57, -9.72, 3.00, 1, 0.713
13.75, 45.86, 27.49, -9.67, 3.00, 1, 0.712
13.76, 45.77, 27.42, -9.61, 3.00, 1, 0.711
13.77, 45.68, 27.34, -9.56, 3.00, 1, 0.709
13.78, 45.59, 27.27, -9.50, 3.00, 1, 0.708
13.79, 45.51, 27.19, -9.44, 3.00, 1, 0.707
13.80, 45.42, 27.12, -9.39, 3.00, 1, 0.705
13.81, 45.33, 27.04, -9.33, 3.00, 1, 0.704
13.82, 45.25, 26.97, -9.27, 3.00, 1, 0.703
13.83, 45.17, 26.90, -9.21, 3.00, 1, 0.701
13.84, 45.08, 26.83, -9.15, 3.00, 1, 0.700
13.85, 45.00, 26.75, -9.09, 3.00, 1, 0.698
13.86, 44.92, 26.68, -9.03, 3.00, 1, 0.697
13.87, 44.83, 26.61, -8.97, 3.00, 1, 0.696
13.88, 44.75, 26.54, -8.90, 3.00, 1, 0.694
13.89, 44.67, 26.47, -8.84, 3.00, 1, 0.693
13.90, 44.59, 26.40, -8.78, 3.00, 1, 0.691
13.91, 44.51, 26.33, -8.71, 3.00, 1, 0.690
13.92, 44.43, 26.26, -8.65, 3.00, 1, 0.688
13.93, 44.35, 26.19, -8.58, 3.00, 1, 0.687
13.94, 44.27, 26.12, -8.52, 3.00, 1, 0.685
13.95, 44.20, 26.05, -8.45, 3.00, 1, 0.684
13.96, 44.12, 25.98, -8.38, 3.00, 1, 0.682
13.97, 44.04, 25.92, -8.31, 3.00, 1, 0.681
13.98, 43.97, 25.85, -8.24, 3.00, 1, 0.679
13.99, 43.89, 25.78, -8.17, 3.00, 1, 0.678
14.00, 43.82, 25.72, -8.10, 3.00, 1, 0.676
14.01, 43.75, 25.65, -8.03, 3.00, 1, 0.675
14.02, 43.67, 25.58, -7.96, 3.00, 1, 0.673
14.03, 43.60, 25.52, -7.89, 3.00, 1, 0.672
14.04, 43.53, 25.45, -7.82, 3.00, 1, 0.670
14.05, 43.46, 25.39, -7.74, 3.00, 1, 0.669
14.06, 43.39, 25.33, -7.67, 3.00, 1, 0.667
14.07, 43.32, 25.26, -7.60, 3.00, 1, 0.665
14.08, 43.25, 25.20, -7.52, 3.00, 1, 0.664
14.09, 43.18, 25.14, -7.45, 3.00, 1, 0.662
14.10, 43.11, 25.08, -7.37, 3.00, 1, 0.661
14.11, 43.05, 25.01, -7.29, 3.00, 1, 0.659
14.12, 42.98, 24.95, -7.21, 3.00, 1, 0.658
14.13, 42.91, 24.89, -7.14, 3.00, 1, 0.656
14.14, 42.85, 24.83, -7.06, 3.00, 1, 0.654
14.15, 42.79, 24.77, -6.98, 3.00, 1, 0.653
14.16, 42.72, 24.71, -6.90, 3.00, 1, 0.651
14.17, 42.66, 24.66, -6.82, 3.00, 1, 0.649
14.18, 42.60, 24.60, -6.74, 3.00, 1, 0.648
14.19, 42.53, 24.54, -6.65, 3.00, 1, 0.646
14.20, 42.47, 24.48, -6.57, 3.00, 1, 0.645
14.21, 42.41, 24.42, -6.49, 3.00, 1, 0.643
14.22, 42.35, 24.37, -6.40, 3.00, 1, 0.641
14.23, 42.30, 24.31, -6.32, 3.00, 1, 0.640
14.24, 42.24, 24.26, -6.23, 3.00, 1, 0.638
14.25, 42.18, 24.20, -6.15, 3.00, 1, 0.636
14.26, 42.12, 24.15, -6.06, 3.00, 1, 0.635
14.27, 42.07, 24.09, -5.97, 3.00, 1, 0.633
14.28, 42.01, 24.04, -5.88, 3.00, 1, 0.631
14.29, 41.96, 23.99, -5.80, 3.00, 1, 0.629
14.30, 41.90, 23.93, -5.71, 3.00, 1, 0.628
14.31, 41.85, 23.88, -5.62, 3.00, 1, 0.626
14.32, 41.80, 23.83, -5.53, 3.00, 1, 0.624
14.33, 41.75, 23.78, -5.44, 3.00, 1, 0.623
14.34, 41.70, 23.73, -5.34, 3.00, 1, 0.621
14.35, 41.64, 23.68, -5.25, 3.00, 1, 0.619
14.36, 41.60, 23.63, -5.16, 3.00, 1, 0.617
14.37, 41.55, 23.58, -5.06, 3.00, 1, 0.616
14.38, 41.50, 23.53, -4.97, 3.00, 1, 0.614
14.39, 41.45, 23.48, -4.88, 3.00, 1, 0.612
14.40, 41.40, 23.44, -4.78, 3.00, 1, 0.610
14.41, 41.36, 23.39, -4.68, 3.00, 1, 0.609
14.42, 41.31, 23.34, -4.59, 3.00, 1, 0.607
14.43, 41.27, 23.30, -4.49, 3.00, 1, 0.605
14.44, 41.23, 23.25, -4.39, 3.00, 1, 0.603
14.45, 41.18, 23.21, -4.29, 3.00, 1, 0.602
14.46, 41.14, 23.16, -4.19, 3.00, 1, 0.600
14.47, 41.10, 23.12, -4.09, 3.00, 1, 0.598
14.48, 41.06, 23.08, -3.99, 3.00, 1, 0.596
14.49, 41.02, 23.03, -3.89, 3.00, 1, 0.594
14.50, 40.98, 22.99, -3.79, 3.00, 1, 0.593
14.51, 40.94, 22.95, -3.69, 3.00, 1, 0.591
14.52, 40.90, 22.91, -3.58, 3.00, 1, 0.589
14.53, 40.87, 22.87, -3.48, 3.00, 1, 0.587
14.54, 40.83, 22.83, -3.38, 3.00, 1, 0.586
14.55, 40.79, 22.79, -3.27, 3.00, 1, 0.584
14.56, 40.76, 22.75, -3.17, 3.00, 1, 0.582
14.57, 40.73, 22.71, -3.06, 3.00, 1, 0.580
14.58, 40.69, 22.68, -2.95, 3.00, 1, 0.578
14.59, 40.66, 22.64, -2.85, 3.00, 1, 0.576
14.60, 40.63, 22.60, -2.74, 3.00, 1, 0.575
14.61, 40.60, 22.57, -2.63, 3.00, 1, 0.573
14.62, 40.57, 22.53, -2.52, 3.00, 1, 0.571
14.63, 40.54, 22.50, -2.41, 3.00, 1, 0.569
14.64, 40.51, 22.46, -2.30, 3.00, 1, 0.567
14.65, 40.48, 22.43, -2.19, 3.00, 1, 0.565
14.66, 40.45, 22.40, -2.08, 3.00, 1, 0.564
14.67, 40.43, 22.37, -1.97, 3.00, 1, 0.562
14.68, 40.40, 22.33, -1.86, 3.00, 1, 0.560
14.69, 40.38, 22.30, -1.74, 3.00, 1, 0.558
14.70, 40.35, 22.27, -1.63, 3.00, 1, 0.556
14.71, 40.33, 22.24, -1.52, 3.00, 1, 0.554
14.72, 40.31, 22.21, -1.40, 3.00, 1, 0.553
14.73, 40.29, 22.18, -1.29, 3.00, 1, 0.551
14.74, 40.27, 22.16, -1.17, 3.00, 1, 0.549
14.75, 40.25, 22.13, -1.06, 3.00, 1, 0.547
14.76, 40.23, 22.10, -0.94, 3.00, 1, 0.545
14.77, 40.21, 22.08, -0.82, 3.00, 1, 0.543
14.78, 40.19, 22.05, -0.70, 3.00, 1, 0.541
14.79, 40.17, 22.03, -0.59, 3.00, 1, 0.539
14.80, 40.16, 22.00, -0.47, 3.00, 1, 0.538
14.81, 40.14, 21.98, -0.35, 3.00, 1, 0.536
14.82, 40.13, 21.95, -0.23, 3.00, 1, 0.534
14.83, 40.11, 21.93, -0.11, 3.00, 1, 0.532
14.84, 40.10, 21.91, 0.01, 3.00, 1, 0.530
14.85, 40.09, 21.89, 0.14, 3.00, 1, 0.528
14.86, 40.08, 21.87, 0.26, 3.00, 1, 0.526
14.87, 40.07, 21.85, 0.38, 3.00, 1, 0.524
14.88, 40.06, 21.83, 0.50, 3.00, 1, 0.523
14.89, 40.05, 21.81, 0.63, 3.00, 1, 0.521
14.90, 40.04, 21.79, 0.75, 3.00, 1, 0.519
14.91, 40.03, 21.77, 0.87, 3.00, 1, 0.517
14.92, 40.03, 21.76, 1.00, 3.00, 1, 0.515
14.93, 40.02, 21.74, 1.12, 3.00, 1, 0.513
14.94, 40.01, 21.73, 1.25, 3.00, 1, 0.511
14.95, 40.01, 21.71, 1.38, 3.00, 1, 0.509
14.96, 40.01, 21.70, 1.50, 3.00, 1, 0.508
14.97, 40.00, 21.68, 1.63, 3.00, 1, 0.506
14.98, 40.00, 21.67, 1.76, 3.00, 1, 0.504
14.99, 40.00, 21.66, 1.89, 3.00, 1, 0.502
15.00, 40.00, 21.65, 2.02, 3.00, 1, 0.500
15.01, 40.00, 21.64, 2.14, 3.00, 1, 0.498
15.02, 40.00, 21.63, 2.27, 3.00, 1, 0.496
15.03, 40.00, 21.62, 2.40, 3.00, 1, 0.494
15.04, 40.01, 21.61, 2.53, 3.00, 1, 0.492
15.05, 40.01, 21.60, 2.67, 3.00, 1, 0.491
15.06, 40.01, 21.59, 2.80, 3.00, 1, 0.489
15.07, 40.02, 21.58, 2.93, 3.00, 1, 0.487
15.08, 40.03, 21.58, 3.06, 3.00, 1, 0.485
15.09, 40.03, 21.57, 3.19, 3.00, 1, 0.483
15.10, 40.04, 21.57, 3.33, 3.00, 1, 0.481
15.11, 40.05, 21.56, 3.46, 3.00, 1, 0.479
15.12, 40.06, 21.56, 3.59, 3.00, 1, 0.477
15.13, 40.07, 21.56, 3.73, 3.00, 1, 0.476
15.14, 40.08, 21.55, 3.86, 3.00, 1, 0.474
15.15, 40.09, 21.55, 4.00, 3.00, 1, 0.472
15.16, 40.10, 21.55, 4.13, 3.00, 1, 0.470
15.17, 40.11, 21.55, 4.27, 3.00, 1, 0.468
15.18, 40.13, 21.55, 4.40, 3.00, 1, 0.466
15.19, 40.14, 21.55, 4.54, 3.00, 1, 0.464
15.20, 40.16, 21.56, 4.68, 3.00, 1, 0.462
15.21, 40.17, 21.56, 4.81, 3.00, 1, 0.461
15.22, 40.19, 21.56, 4.95, 3.00, 1, 0.459
15.23, 40.21, 21.56, 5.09, 3.00, 1, 0.457
15.24, 40.23, 21.57, 5.23, 3.00, 1, 0.455
15.25, 40.25, 21.57, 5.36, 3.00, 1, 0.453
15.26, 40.27, 21.58, 5.50, 3.00, 1, 0.451
15.27, 40.29, 21.80, 47.68, 1.00, 0, 0.449
15.28, 40.31, 22.01, 47.51, 1.00, 0, 0.447
15.29, 40.33, 22.23, 47.33, 1.00, 0, 0.446
15.30, 40.35, 22.44, 47.16, 1.00, 0, 0.444
15.31, 40.38, 22.65, 46.99, 1.00, 0, 0.442
15.32, 40.40, 22.87, 46.82, 1.00, 0, 0.440
15.33, 40.43, 23.08, 46.65, 1.00, 0, 0.438
15.34, 40.45, 23.29, 46.48, 1.00, 0, 0.436
15.35, 40.48, 23.49, 46.32, 1.00, 0, 0.435
15.36, 40.51, 23.70, 46.15, 1.00, 0, 0.433
15.37, 40.54, 23.91, 45.99, 1.00, 0, 0.431
15.38, 40.57, 24.11, 45.83, 1.00, 0, 0.429
15.39, 40.60, 24.32, 45.67, 1.00, 0, 0.427
15.40, 40.63, 24.52, 45.51, 1.00, 0, 0.425
15.41, 40.66, 24.72, 45.36, 1.00, 0, 0.424
15.42, 40.69, 24.92, 45.21, 1.00, 0, 0.422
15.43, 40.73, 25.12, 45.05, 1.00, 0, 0.420
15.44, 40.76, 25.32, 44.90, 1.00, 0, 0.418
15.45, 40.79, 25.52, 44.75, 1.00, 0, 0.416
15.46, 40.83, 25.72, 44.61, 1.00, 0, 0.414
15.47, 40.87, 25.92, 44.46, 1.00, 0, 0.413
15.48, 40.90, 26.11, 44.31, 1.00, 0, 0.411
15.49, 40.94, 26.31, 44.17, 1.00, 0, 0.409
15.50, 40.98, 26.50, 44.03, 1.00, 0, 0.407
15.51, 41.02, 26.69, 43.89, 1.00, 0, 0.406
15.52, 41.06, 26.88, 43.75, 1.00, 0, 0.404
15.53, 41.10, 27.08, 43.61, 1.00, 0, 0.402
15.54, 41.14, 27.27, 43.48, 1.00, 0, 0.400
15.55, 41.18, 27.46, 43.34, 1.00, 0, 0.398
15.56, 41.23, 27.64, 43.21, 1.00, 0, 0.397
15.57, 41.27, 27.83, 43.08, 1.00, 0, 0.395
15.58, 41.31, 28.02, 42.95, 1.00, 0, 0.393
15.59, 41.36, 28.20, 42.82, 1.00, 0, 0.391
15.60, 41.40, 28.39, 42.69, 1.00, 0, 0.390
15.61, 41.45, 28.57, 42.57, 1.00, 0, 0.388
15.62, 41.50, 28.76, 42.44, 1.00, 0, 0.386
15.63, 41.55, 28.94, 42.32, 1.00, 0, 0.384
15.64, 41.60, 29.12, 42.20, 1.00, 0, 0.383
15.65, 41.64, 29.30, 42.08, 1.00, 0, 0.381
15.66, 41.70, 29.49, 41.96, 1.00, 0, 0.379
15.67, 41.75, 29.66, 41.84, 1.00, 0, 0.377
15.68, 41.80, 29.84, 41.73, 1.00, 0, 0.376
15.69, 41.85, 30.02, 41.61, 1.00, 0, 0.374
15.70, 41.90, 30.20, 41.50, 1.00, 0, 0.372
15.71, 41.96, 30.38, 41.39, 1.00, 0, 0.371
15.72, 42.01, 30.55, 41.28, 1.00, 0, 0.369
15.73, 42.07, 30.73, 41.17, 1.00, 0, 0.367
15.74, 42.12, 30.90, 41.06, 1.00, 0, 0.365
15.75, 42.18, 31.08, 40.95, 1.00, 0, 0.364
15.76, 42.24, 31.25, 40.85, 1.00, 0, 0.362
15.77, 42.30, 31.42, 40.75, 1.00, 0, 0.360
15.78, 42.35, 31.59, 40.64, 1.00, 0, 0.359
15.79, 42.41, 31.76, 40.54, 1.00, 0, 0.357
15.80, 42.47, 31.93, 40.44, 1.00, 0, 0.355
15.81, 42.53, 32.10, 40.34, 1.00, 0, 0.354
15.82, 42.60, 32.27, 40.24, 1.00, 0, 0.352
15.83, 42.66, 32.44, 40.15, 1.00, 0, 0.351
15.84, 42.72, 32.61, 40.05, 1.00, 0, 0.349
15.85, 42.79, 32.78, 39.96, 1.00, 0, 0.347
15.86, 42.85, 32.94, 39.87, 1.00, 0, 0.346
15.87, 42.91, 33.11, 39.77, 1.00, 0, 0.344
15.88, 42.98, 33.28, 39.68, 1.00, 0, 0.342
15.89, 43.05, 33.44, 39.59, 1.00, 0, 0.341
15.90, 43.11, 33.60, 39.51, 1.00, 0, 0.339
15.91, 43.18, 33.77, 39.42, 1.00, 0, 0.338
15.92, 43.25, 33.93, 39.33, 1.00, 0, 0.336
15.93, 43.32, 34.09, 39.25, 1.00, 0, 0.335
15.94, 43.39, 34.25, 39.17, 1.00, 0, 0.333
15.95, 43.46, 34.42, 39.08, 1.00, 0, 0.331
15.96, 43.53, 34.58, 39.00, 1.00, 0, 0.330
15.97, 43.60, 34.74, 38.92, 1.00, 0, 0.328
15.98, 43.67, 34.90, 38.84, 1.00, 0, 0.327
15.99, 43.75, 35.05, 38.77, 1.00, 0, 0.325
16.00, 43.82, 35.21, 38.69, 1.00, 0, 0.324
16.01, 43.89, 35.37, 38.61, 1.00, 0, 0.322
16.02, 43.97, 35.53, 38.54, 1.00, 0, 0.321
16.03, 44.04, 35.68, 38.47, 1.00, 0, 0.319
16.04, 44.12, 35.84, 38.39, 1.00, 0, 0.318
16.05, 44.20, 36.00, 38.32, 1.00, 0, 0.316
16.06, 44.27, 36.15, 38.25, 1.00, 0, 0.315
16.07, 44.35, 36.31, 38.18, 1.00, 0, 0.313
16.08, 44.43, 36.46, 38.12, 1.00, 0, 0.312
16.09, 44.51, 36.62, 38.05, 1.00, 0, 0.310
16.10, 44.59, 36.77, 37.98, 1.00, 0, 0.309
16.11, 44.67, 36.92, 37.92, 1.00, 0, 0.307
16.12, 44.75, 37.07, 37.85, 1.00, 0, 0.306
16.13, 44.83, 37.23, 37.79, 1.00, 0, 0.304
16.14, 44.91, 37.38, 37.73, 1.00, 0, 0.303
16.15, 45.00, 37.53, 37.67, 1.00, 0, 0.302
16.16, 45.08, 37.68, 37.61, 1.00, 0, 0.300
16.17, 45.17, 37.83, 37.55, 1.00, 0, 0.299
16.18, 45.25, 37.98, 37.49, 1.00, 0, 0.297
16.19, 45.33, 38.13, 37.43, 1.00, 0, 0.296
16.20, 45.42, 38.28, 37.38, 1.00, 0, 0.295
16.21, 45.51, 38.42, 37.32, 1.00, 0, 0.293
16.22, 45.59, 38.57, 37.27, 1.00, 0, 0.292
16.23, 45.68, 38.72, 37.21, 1.00, 0, 0.291
16.24, 45.77, 38.87, 37.16, 1.00, 0, 0.289
16.25, 45.86, 39.01, 37.11, 1.00, 0, 0.288
16.26, 45.95, 39.16, 37.06, 1.00, 0, 0.287
16.27, 46.04, 39.31, 37.01, 1.00, 0, 0.285
16.28, 46.13, 39.45, 36.96, 1.00, 0, 0.284
16.29, 46.22, 39.60, 36.91, 1.00, 0, 0.283
16.30, 46.31, 39.74, 36.87, 1.00, 0, 0.281
16.31, 46.40, 39.89, 36.82, 1.00, 0, 0.280
16.32, 46.49, 40.03, 36.77, 1.00, 0, 0.279
16.33, 46.59, 40.17, 36.73, 1.00, 0, 0.277
16.34, 46.68, 40.32, 36.69, 1.00, 0, 0.276
16.35, 46.77, 40.46, 36.64, 1.00, 0, 0.275
16.36, 46.87, 40.60, 36.60, 1.00, 0, 0.274
16.37, 46.96, 40.74, 36.56, 1.00, 0, 0.272
16.38, 47.06, 40.89, 36.52, 1.00, 0, 0.271
16.39, 47.15, 41.03, 36.48, 1.00, 0, 0.270
16.40, 47.25, 41.17, 36.44, 1.00, 0, 0.269
16.41, 47.35, 41.31, 36.40, 1.00, 0, 0.268
16.42, 47.45, 41.45, 36.37, 1.00, 0, 0.266
16.43, 47.54, 41.59, 36.33, 1.00, 0, 0.265
16.44, 47.64, 41.73, 36.30, 1.00, 0, 0.264
16.45, 47.74, 41.87, 36.26, 1.00, 0, 0.263
16.46, 47.84, 42.01, 36.23, 1.00, 0, 0.262
16.47, 47.94, 42.15, 36.19, 1.00, 0, 0.261
16.48, 48.04, 42.29, 36.16, 1.00, 0, 0.260
16.49, 48.14, 42.42, 36.13, 1.00, 0, 0.258
16.50, 48.24, 42.56, 36.10, 1.00, 0, 0.257
16.51, 48.35, 42.70, 36.07, 1.00, 0, 0.256
16.52, 48.45, 42.84, 36.04, 1.00, 0, 0.255
16.53, 48.55, 42.98, 36.01, 1.00, 0, 0.254
16.54, 48.65, 43.11, 35.98, 1.00, 0, 0.253
16.55, 48.76, 43.25, 35.95, 1.00, 0, 0.252
16.56, 48.86, 43.39, 35.93, 1.00, 0, 0.251
16.57, 48.97, 43.52, 35.90, 1.00, 0, 0.250
16.58, 49.07, 43.66, 35.87, 1.00, 0, 0.249
16.59, 49.18, 43.79, 35.85, 1.00, 0, 0.248
16.60, 49.28, 43.93, 35.82, 1.00, 0, 0.247
16.61, 49.39, 44.06, 35.80, 1.00, 0, 0.246
16.62, 49.50, 44.20, 35.78, 1.00, 0, 0.245
16.63, 49.60, 44.33, 35.76, 1.00, 0, 0.244
16.64, 49.71, 44.47, 35.73, 1.00, 0, 0.243
16.65, 49.82, 44.60, 35.71, 1.00, 0, 0.242
16.66, 49.93, 44.73, 35.69, 1.00, 0, 0.241
16.67, 50.04, 44.87, 35.67, 1.00, 0, 0.240
16.68, 50.15, 45.00, 35.65, 1.00, 0, 0.239
16.69, 50.25, 45.14, 35.64, 1.00, 0, 0.238
16.70, 50.36, 45.27, 35.62, 1.00, 0, 0.237
16.71, 50.48, 45.40, 35.60, 1.00, 0, 0.236
16.72, 50.59, 45.53, 35.58, 1.00, 0, 0.235
16.73, 50.70, 45.67, 35.57, 1.00, 0, 0.234
16.74, 50.81, 45.80, 35.55, 1.00, 0, 0.234
16.75, 50.92, 45.93, 35.54, 1.00, 0, 0.233
16.76, 51.03, 46.06, 35.52, 1.00, 0, 0.232
16.77, 51.14, 46.19, 35.51, 1.00, 0, 0.231
16.78, 51.26, 46.32, 35.49, 1.00, 0, 0.230
16.79, 51.37, 46.46, 35.48, 1.00, 0, 0.229
16.80, 51.48, 46.59, 35.47, 1.00, 0, 0.229
16.81, 51.60, 46.72, 35.46, 1.00, 0, 0.228
16.82, 51.71, 46.85, 35.44, 1.00, 0, 0.227
16.83, 51.83, 46.98, 35.43, 1.00, 0, 0.226
16.84, 51.94, 47.11, 35.42, 1.00, 0, 0.225
16.85, 52.06, 47.24, 35.41, 1.00, 0, 0.225
16.86, 52.17, 47.37, 35.40, 1.00, 0, 0.224
16.87, 52.29, 47.50, 35.39, 1.00, 0, 0.223
16.88, 52.40, 47.63, 35.39, 1.00, 0, 0.222
16.89, 52.52, 47.76, 35.38, 1.00, 0, 0.222
16.90, 52.64, 47.88, 35.37, 1.00, 0, 0.221
16.91, 52.75, 48.01, 35.36, 1.00, 0, 0.220
16.92, 52.87, 48.14, 35.36, 1.00, 0, 0.220
16.93, 52.99, 48.27, 35.35, 1.00, 0, 0.219
16.94, 53.11, 48.40, 35.34, 1.00, 0, 0.218
16.95, 53.23, 48.53, 35.34, 1.00, 0, 0.218
16.96, 53.34, 48.66, 35.33, 1.00, 0, 0.217
16.97, 53.46, 48.78, 35.33, 1.00, 0, 0.216
16.98, 53.58, 48.91, 35.32, 1.00, 0, 0.216
16.99, 53.70, 49.04, 35.32, 1.00, 0, 0.215
17.00, 53.82, 49.17, 35.32, 1.00, 0, 0.215
17.01, 53.94, 49.29, 35.31, 1.00, 0, 0.214
17.02, 54.06, 49.42, 35.31, 1.00, 0, 0.214
17.03, 54.18, 49.55, 35.31, 1.00, 0, 0.213
17.04, 54.30, 49.68, 35.31, 1.00, 0, 0.212
17.05, 54.42, 49.80, 35.30, 1.00, 0, 0.212
17.06, 54.54, 49.93, 35.30, 1.00, 0, 0.211
17.07, 54.66, 50.06, 35.30, 1.00, 0, 0.211
17.08, 54.78, 50.18, 35.30, 1.00, 0, 0.210
17.09, 54.90, 50.31, 35.30, 1.00, 0, 0.210
17.10, 55.03, 50.43, 35.30, 1.00, 0, 0.209
17.11, 55.15, 50.56, 35.30, 1.00, 0, 0.209
17.12, 55.27, 50.69, 35.30, 1.00, 0, 0.209
17.13, 55.39, 50.81, 35.30, 1.00, 0, 0.208
17.14, 55.51, 50.94, 35.30, 1.00, 0, 0.208
17.15, 55.64, 51.06, 35.31, 1.00, 0, 0.207
17.16, 55.76, 51.19, 35.31, 1.00, 0, 0.207
17.17, 55.88, 51.31, 35.31, 1.00, 0, 0.206
17.18, 56.01, 51.44, 35.31, 1.00, 0, 0.206
17.19, 56.13, 51.57, 35.31, 1.00, 0, 0.206
17.20, 56.25, 51.69, 35.32, 1.00, 0, 0.205
17.21, 56.38, 51.82, 35.32, 1.00, 0, 0.205
17.22, 56.50, 51.94, 35.32, 1.00, 0, 0.205
17.23, 56.62, 52.06, 35.33, 1.00, 0, 0.204
17.24, 56.75, 52.19, 35.33, 1.00, 0, 0.204
17.25, 56.87, 52.31, 35.34, 1.00, 0, 0.204
17.26, 57.00, 52.44, 35.34, 1.00, 0, 0.203
17.27, 57.12, 52.56, 35.35, 1.00, 0, 0.203
17.28, 57.24, 52.69, 35.35, 1.00, 0, 0.203
17.29, 57.37, 52.81, 35.35, 1.00, 0, 0.203
17.30, 57.49, 52.93, 35.36, 1.00, 0, 0.202
17.31, 57.62, 53.06, 35.37, 1.00, 0, 0.202
17.32, 57.74, 53.18, 35.37, 1.00, 0, 0.202
17.33, 57.87, 53.31, 35.38, 1.00, 0, 0.202
17.34, 57.99, 53.43, 35.38, 1.00, 0, 0.202
17.35, 58.12, 53.55, 35.39, 1.00, 0, 0.201
17.36, 58.24, 53.68, 35.40, 1.00, 0, 0.201
17.37, 58.37, 53.80, 35.40, 1.00, 0, 0.201
17.38, 58.49, 53.92, 35.41, 1.00, 0, 0.201
17.39, 58.62, 54.05, 35.42, 1.00, 0, 0.201
17.40, 58.74, 54.17, 35.42, 1.00, 0, 0.201
17.41, 58.87, 54.29, 35.43, 1.00, 0, 0.200
17.42, 58.99, 54.42, 35.44, 1.00, 0, 0.200
17.43, 59.12, 54.54, 35.44, 1.00, 0, 0.200
17.44, 59.25, 54.66, 35.45, 1.00, 0, 0.200
17.45, 59.37, 54.78, 35.46, 1.00, 0, 0.200
17.46, 59.50, 54.91, 35.47, 1.00, 0, 0.200
17.47, 59.62, 55.03, 35.47, 1.00, 0, 0.200
17.48, 59.75, 55.15, 35.48, 1.00, 0, 0.200
17.49, 59.87, 55.27, 35.49, 1.00, 0, 0.200
17.50, 60.00, 55.40, 35.50, 1.00, 0, 0.200
17.51, 60.13, 55.52, 35.51, 1.00, 0, 0.200
17.52, 60.25, 55.64, 35.51, 1.00, 0, 0.200
17.53, 60.38, 55.76, 35.52, 1.00, 0, 0.200
17.54, 60.50, 55.88, 35.53, 1.00, 0, 0.200
17.55, 60.63, 56.01, 35.54, 1.00, 0, 0.200
17.56, 60.75, 56.13, 35.55, 1.00, 0, 0.200
17.57, 60.88, 56.25, 35.56, 1.00, 0, 0.200
17.58, 61.00, 56.37, 35.57, 1.00, 0, 0.200
17.59, 61.13, 56.49, 35.57, 1.00, 0, 0.200
17.60, 61.26, 56.61, 35.58, 1.00, 0, 0.201
17.61, 61.38, 56.73, 35.59, 1.00, 0, 0.201
17.62, 61.51, 56.86, 35.60, 1.00, 0, 0.201
17.63, 61.63, 56.98, 35.61, 1.00, 0, 0.201
17.64, 61.76, 57.10, 35.62, 1.00, 0, 0.201
17.65, 61.88, 57.22, 35.63, 1.00, 0, 0.201
17.66, 62.01, 57.34, 35.64, 1.00, 0, 0.202
17.67, 62.13, 57.46, 35.64, 1.00, 0, 0.202
17.68, 62.26, 57.58, 35.65, 1.00, 0, 0.202
17.69, 62.38, 57.70, 35.66, 1.00, 0, 0.202
17.70, 62.51, 57.82, 35.67, 1.00, 0, 0.202
17.71, 62.63, 57.94, 35.68, 1.00, 0, 0.203
17.72, 62.76, 58.06, 35.69, 1.00, 0, 0.203
17.73, 62.88, 58.18, 35.70, 1.00, 0, 0.203
17.74, 63.00, 58.30, 35.71, 1.00, 0, 0.203
17.75, 63.13, 58.43, 35.71, 1.00, 0, 0.204
17.76, 63.25, 58.55, 35.72, 1.00, 0, 0.204
17.77, 63.38, 58.67, 35.73, 1.00, 0, 0.204
17.78, 63.50, 58.79, 35.74, 1.00, 0, 0.205
17.79, 63.62, 58.91, 35.75, 1.00, 0, 0.205
17.80, 63.75, 59.03, 35.76, 1.00, 0, 0.205
17.81, 63.87, 59.15, 35.77, 1.00, 0, 0.206
17.82, 63.99, 59.26, 35.77, 1.00, 0, 0.206
17.83, 64.12, 59.38, 35.78, 1.00, 0, 0.206
17.84, 64.24, 59.50, 35.79, 1.00, 0, 0.207
17.85, 64.36, 59.62, 35.80, 1.00, 0, 0.207
17.86, 64.49, 59.74, 35.81, 1.00, 0, 0.208
17.87, 64.61, 59.86, 35.81, 1.00, 0, 0.208
17.88, 64.73, 59.98, 35.82, 1.00, 0, 0.209
17.89, 64.85, 60.10, 35.83, 1.00, 0, 0.209
17.90, 64.97, 60.22, 35.84, 1.00, 0, 0.209
17.91, 65.10, 60.34, 35.84, 1.00, 0, 0.210
17.92, 65.22, 60.46, 35.85, 1.00, 0, 0.210
17.93, 65.34, 60.58, 35.86, 1.00, 0, 0.211
17.94, 65.46, 60.70, 35.87, 1.00, 0, 0.211
17.95, 65.58, 60.81, 35.87, 1.00, 0, 0.212
17.96, 65.70, 60.93, 35.88, 1.00, 0, 0.212
17.97, 65.82, 61.05, 35.89, 1.00, 0, 0.213
17.98, 65.94, 61.17, 35.89, 1.00, 0, 0.214
17.99, 66.06, 61.29, 35.90, 1.00, 0, 0.214
18.00, 66.18, 61.41, 35.91, 1.00, 0, 0.215
18.01, 66.30, 61.52, 35.91, 1.00, 0, 0.215
18.02, 66.42, 61.64, 35.92, 1.00, 0, 0.216
18.03, 66.54, 61.76, 35.92, 1.00, 0, 0.216
18.04, 66.66, 61.88, 35.93, 1.00, 0, 0.217
18.05, 66.77, 62.00, 35.93, 1.00, 0, 0.218
18.06, 66.89, 62.11, 35.94, 1.00, 0, 0.218
18.07, 67.01, 62.23, 35.94, 1.00, 0, 0.219
18.08, 67.13, 62.35, 35.95, 1.00, 0, 0.220
18.09, 67.25, 62.47, 35.95, 1.00, 0, 0.220
18.10, 67.36, 62.58, 35.96, 1.00, 0, 0.221
18.11, 67.48, 62.70, 35.96, 1.00, 0, 0.222
18.12, 67.60, 62.82, 35.97, 1.00, 0, 0.222
18.13, 67.71, 62.93, 35.97, 1.00, 0, 0.223
18.14, 67.83, 63.05, 35.97, 1.00, 0, 0.224
18.15, 67.94, 63.17, 35.98, 1.00, 0, 0.225
18.16, 68.06, 63.29, 35.98, 1.00, 0, 0.225
18.17, 68.17, 63.40, 35.98, 1.00, 0, 0.226
18.18, 68.29, 63.52, 35.99, 1.00, 0, 0.227
18.19, 68.40, 63.63, 35.99, 1.00, 0, 0.228
18.20, 68.52, 63.75, 35.99, 1.00, 0, 0.229
18.21, 68.63, 63.87, 35.99, 1.00, 0, 0.229
18.22, 68.74, 63.98, 35.99, 1.00, 0, 0.230
18.23, 68.85, 64.10, 36.00, 1.00, 0, 0.231
18.24, 68.97, 64.22, 36.00, 1.00, 0, 0.232
18.25, 69.08, 64.33, 36.00, 1.00, 0, 0.233
18.26, 69.19, 64.45, 36.00, 1.00, 0, 0.234
18.27, 69.30, 64.56, 36.00, 1.00, 0, 0.234
18.28, 69.41, 64.68, 36.00, 1.00, 0, 0.235
18.29, 69.52, 64.79, 36.00, 1.00, 0, 0.236
18.30, 69.63, 64.91, 36.00, 1.00, 0, 0.237
18.31, 69.74, 65.02, 36.00, 1.00, 0, 0.238
18.32, 69.85, 65.14, 36.00, 1.00, 0, 0.239
18.33, 69.96, 65.25, 36.00, 1.00, 0, 0.240
18.34, 70.07, 65.37, 36.00, 1.00, 0, 0.241
18.35, 70.18, 65.48, 36.00, 1.00, 0, 0.242
18.36, 70.29, 65.60, 35.99, 1.00, 0, 0.243
18.37, 70.40, 65.71, 35.99, 1.00, 0, 0.244
18.38, 70.50, 65.83, 35.99, 1.00, 0, 0.245
18.39, 70.61, 65.94, 35.99, 1.00, 0, 0.246
18.40, 70.72, 66.05, 35.98, 1.00, 0, 0.247
18.41, 70.82, 66.17, 35.98, 1.00, 0, 0.248
18.42, 70.93, 66.28, 35.98, 1.00, 0, 0.249
18.43, 71.03, 66.40, 35.97, 1.00, 0, 0.250
18.44, 71.14, 66.51, 35.97, 1.00, 0, 0.251
18.45, 71.24, 66.62, 35.96, 1.00, 0, 0.252
18.46, 71.35, 66.73, 35.96, 1.00, 0, 0.253
18.47, 71.45, 66.85, 35.95, 1.00, 0, 0.254
18.48, 71.55, 66.96, 35.95, 1.00, 0, 0.255
18.49, 71.65, 67.07, 35.94, 1.00, 0, 0.256
18.50, 71.76, 67.19, 35.94, 1.00, 0, 0.257
18.51, 71.86, 67.30, 35.93, 1.00, 0, 0.258
18.52, 71.96, 67.41, 35.92, 1.00, 0, 0.260
18.53, 72.06, 67.52, 35.92, 1.00, 0, 0.261
18.54, 72.16, 67.64, 35.91, 1.00, 0, 0.262
18.55, 72.26, 67.75, 35.90, 1.00, 0, 0.263
18.56, 72.36, 67.86, 35.89, 1.00, 0, 0.264
18.57, 72.46, 67.97, 35.88, 1.00, 0, 0.265
18.58, 72.55, 68.08, 35.87, 1.00, 0, 0.266
18.59, 72.65, 68.19, 35.87, 1.00, 0, 0.268
18.60, 72.75, 68.30, 35.86, 1.00, 0, 0.269
18.61, 72.84, 68.42, 35.85, 1.00, 0, 0.270
18.62, 72.94, 68.53, 35.84, 1.00, 0, 0.271
18.63, 73.04, 68.64, 35.82, 1.00, 0, 0.272
18.64, 73.13, 68.75, 35.81, 1.00, 0, 0.274
18.65, 73.23, 68.86, 35.80, 1.00, 0, 0.275
18.66, 73.32, 68.97, 35.79, 1.00, 0, 0.276
18.67, 73.41, 69.08, 35.78, 1.00, 0, 0.277
18.68, 73.51, 69.19, 35.77, 1.00, 0, 0.279
18.69, 73.60, 69.30, 35.75, 1.00, 0, 0.280
18.70, 73.69, 69.41, 35.74, 1.00, 0, 0.281
18.71, 73.78, 69.52, 35.73, 1.00, 0, 0.283
18.72, 73.87, 69.62, 35.71, 1.00, 0, 0.284
18.73, 73.96, 69.73, 35.70, 1.00, 0, 0.285
18.74, 74.05, 69.84, 35.68, 1.00, 0, 0.287
18.75, 74.14, 69.95, 35.67, 1.00, 0, 0.288
18.76, 74.23, 70.06, 35.65, 1.00, 0, 0.289
18.77, 74.32, 70.17, 35.64, 1.00, 0, 0.291
18.78, 74.41, 70.27, 35.62, 1.00, 0, 0.292
18.79, 74.49, 70.38, 35.60, 1.00, 0, 0.293
18.80, 74.58, 70.49, 35.59, 1.00, 0, 0.295
18.81, 74.66, 70.60, 35.57, 1.00, 0, 0.296
18.82, 74.75, 70.70, 35.55, 1.00, 0, 0.297
18.83, 74.83, 70.81, 35.53, 1.00, 0, 0.299
18.84, 74.92, 70.92, 35.51, 1.00, 0, 0.300
18.85, 75.00, 71.02, 35.49, 1.00, 0, 0.302
18.86, 75.08, 71.13, 35.47, 1.00, 0, 0.303
18.87, 75.17, 71.24, 35.45, 1.00, 0, 0.304
18.88, 75.25, 71.34, 35.43, 1.00, 0, 0.306
18.89, 75.33, 71.45, 35.41, 1.00, 0, 0.307
18.90, 75.41, 71.55, 35.39, 1.00, 0, 0.309
18.91, 75.49, 71.66, 35.37, 1.00, 0, 0.310
18.92, 75.57, 71.76, 35.35, 1.00, 0, 0.312
18.93, 75.65, 71.87, 35.32, 1.00, 0, 0.313
18.94, 75.73, 71.97, 35.30, 1.00, 0, 0.315
18.95, 75.80, 72.08, 35.28, 1.00, 0, 0.316
18.96, 75.88, 72.18, 35.25, 1.00, 0, 0.318
18.97, 75.96, 72.29, 35.23, 1.00, 0, 0.319
18.98, 76.03, 72.39, 35.20, 1.00, 0, 0.321
18.99, 76.11, 72.49, 35.18, 1.00, 0, 0.322
19.00, 76.18, 72.60, 35.15, 1.00, 0, 0.324
19.01, 76.25, 72.70, 35.13, 1.00, 0, 0.325
19.02, 76.33, 72.80, 35.10, 1.00, 0, 0.327
19.03, 76.40, 72.91, 35.07, 1.00, 0, 0.328
19.04, 76.47, 73.01, 35.05, 1.00, 0, 0.330
19.05, 76.54, 73.11, 35.02, 1.00, 0, 0.331
19.06, 76.61, 73.21, 34.99, 1.00, 0, 0.333
19.07, 76.68, 73.31, 34.96, 1.00, 0, 0.335
19.08, 76.75, 73.41, 34.93, 1.00, 0, 0.336
19.09, 76.82, 73.52, 34.90, 1.00, 0, 0.338
19.10, 76.89, 73.62, 34.87, 1.00, 0, 0.339
19.11, 76.95, 73.72, 34.84, 1.00, 0, 0.341
19.12, 77.02, 73.82, 34.81, 1.00, 0, 0.342
19.13, 77.09, 73.92, 34.78, 1.00, 0, 0.344
19.14, 77.15, 74.02, 34.75, 1.00, 0, 0.346
19.15, 77.21, 74.12, 34.72, 1.00, 0, 0.347
19.16, 77.28, 74.22, 34.68, 1.00, 0, 0.349
19.17, 77.34, 74.32, 34.65, 1.00, 0, 0.351
19.18, 77.40, 74.41, 34.62, 1.00, 0, 0.352
19.19, 77.47, 74.51, 34.58, 1.00, 0, 0.354
19.20, 77.53, 74.61, 34.55, 1.00, 0, 0.355
19.21, 77.59, 74.71, 34.51, 1.00, 0, 0.357
19.22, 77.65, 74.81, 34.48, 1.00, 0, 0.359
19.23, 77.70, 74.90, 34.44, 1.00, 0, 0.360
19.24, 77.76, 75.00, 34.40, 1.00, 0, 0.362
19.25, 77.82, 75.10, 34.37, 1.00, 0, 0.364
19.26, 77.88, 75.19, 34.33, 1.00, 0, 0.365
19.27, 77.93, 75.29, 34.29, 1.00, 0, 0.367
19.28, 77.99, 75.39, 34.25, 1.00, 0, 0.369
19.29, 78.04, 75.48, 34.22, 1.00, 0, 0.371
19.30, 78.10, 75.58, 34.18, 1.00, 0, 0.372
19.31, 78.15, 75.67, 34.14, 1.00, 0, 0.374
19.32, 78.20, 75.77, 34.10, 1.00, 0, 0.376
19.33, 78.25, 75.86, 34.06, 1.00, 0, 0.377
19.34, 78.30, 75.96, 34.01, 1.00, 0, 0.379
19.35, 78.36, 76.05, 33.97, 1.00, 0, 0.381
19.36, 78.40, 76.14, 33.93, 1.00, 0, 0.383
19.37, 78.45, 76.24, 33.89, 1.00, 0, 0.384
19.38, 78.50, 76.33, 33.85, 1.00, 0, 0.386
19.39, 78.55, 76.42, 33.80, 1.00, 0, 0.388
19.40, 78.60, 76.52, 33.76, 1.00, 0, 0.390
19.41, 78.64, 76.61, 33.71, 1.00, 0, 0.391
19.42, 78.69, 76.70, 33.67, 1.00, 0, 0.393
19.43, 78.73, 76.79, 33.62, 1.00, 0, 0.395
19.44, 78.77, 76.88, 33.58, 1.00, 0, 0.397
19.45, 78.82, 76.97, 33.53, 1.00, 0, 0.398
19.46, 78.86, 77.06, 33.49, 1.00, 0, 0.400
19.47, 78.90, 77.15, 33.44, 1.00, 0, 0.402
19.48, 78.94, 77.24, 33.39, 1.00, 0, 0.404
19.49, 78.98, 77.33, 33.34, 1.00, 0, 0.406
19.50, 79.02, 77.42, 33.29, 1.00, 0, 0.407
19.51, 79.06, 77.51, 33.24, 1.00, 0, 0.409
19.52, 79.10, 77.60, 33.20, 1.00, 0, 0.411
19.53, 79.13, 77.69, 33.15, 1.00, 0, 0.413
19.54, 79.17, 77.77, 33.09, 1.00, 0, 0.414
19.55, 79.21, 77.86, 33.04, 1.00, 0, 0.416
19.56, 79.24, 77.95, 32.99, 1.00, 0, 0.418
19.57, 79.27, 78.04, 32.94, 1.00, 0, 0.420
19.58, 79.31, 78.12, 32.89, 1.00, 0, 0.422
19.59, 79.34, 78.21, 32.84, 1.00, 0, 0.424
19.60, 79.37, 78.29, 32.78, 1.00, 0, 0.425
19.61, 79.40, 78.38, 32.73, 1.00, 0, 0.427
19.62, 79.43, 78.46, 32.67, 1.00, 0, 0.429
19.63, 79.46, 78.55, 32.62, 1.00, 0, 0.431
19.64, 79.49, 78.63, 32.56, 1.00, 0, 0.433
19.65, 79.52, 78.72, 32.51, 1.00, 0, 0.435
19.66, 79.55, 78.80, 32.45, 1.00, 0, 0.436
19.67, 79.57, 78.88, 32.40, 1.00, 0, 0.438
19.68, 79.60, 78.97, 32.34, 1.00, 0, 0.440
19.69, 79.62, 79.05, 32.28, 1.00, 0, 0.442
19.70, 79.65, 79.13, 32.22, 1.00, 0, 0.444
19.71, 79.67, 79.21, 32.17, 1.00, 0, 0.446
19.72, 79.69, 79.29, 32.11, 1.00, 0, 0.447
19.73, 79.71, 79.38, 32.05, 1.00, 0, 0.449
19.74, 79.73, 79.46, 31.99, 1.00, 0, 0.451
19.75, 79.75, 79.54, 31.93, 1.00, 0, 0.453
19.76, 79.77, 79.62, 31.87, 1.00, 0, 0.455
19.77, 79.79, 79.70, 31.81, 1.00, 0, 0.457
19.78, 79.81, 79.77, 31.74, 1.00, 0, 0.459
19.79, 79.83, 79.85, 31.68, 1.00, 0, 0.461
19.80, 79.84, 79.93, 31.62, 1.00, 0, 0.462
19.81, 79.86, 80.01, 31.56, 1.00, 0, 0.464
19.82, 79.87, 80.09, 31.49, 1.00, 0, 0.466
19.83, 79.89, 80.16, 31.43, 1.00, 0, 0.468
19.84, 79.90, 80.24, 31.37, 1.00, 0, 0.470
19.85, 79.91, 80.32, 31.30, 1.00, 0, 0.472
19.86, 79.92, 80.39, 31.24, 1.00, 0, 0.474
19.87, 79.93, 80.47, 31.17, 1.00, 0, 0.476
19.88, 79.94, 80.54, 31.10, 1.00, 0, 0.477
19.89, 79.95, 80.62, 31.04, 1.00, 0, 0.479
19.90, 79.96, 80.69, 30.97, 1.00, 0, 0.481
19.91, 79.97, 80.77, 30.90, 1.00, 0, 0.483
19.92, 79.97, 80.84, 30.83, 1.00, 0, 0.485
19.93, 79.98, 80.91, 30.77, 1.00, 0, 0.487
19.94, 79.99, 80.98, 30.70, 1.00, 0, 0.489
19.95, 79.99, 81.06, 30.63, 1.00, 0, 0.491
19.96, 79.99, 81.13, 30.56, 1.00, 0, 0.492
19.97, 80.00, 81.20, 30.49, 1.00, 0, 0.494
19.98, 80.00, 81.27, 30.42, 1.00, 0, 0.496
19.99, 80.00, 81.34, 30.35, 1.00, 0, 0.498
